1	827
2	917
3	763
4	908
5	773
6	920
7	886
8	780
9	826
10	967
11	1245
12	983
13	1064
14	962
15	894
16	753
17	722
18	1100
19	864
20	897
21	859
22	840
23	1147
24	971
25	780
26	775
27	715
28	917
29	772
30	848
31	928
32	1021
33	816
34	793
35	796
36	860
37	975
38	824
39	1086
40	958
41	844
42	1387
43	811
44	928
45	791
46	955
47	1183
48	970
49	763
50	1055
51	1090
52	821
53	916
54	796
55	908
56	965
57	1106
58	1013
59	761
60	847
61	899
62	762
63	854
64	718
65	735
66	818
67	888
68	743
69	962
70	1027
71	1018
72	844
73	730
74	892
75	1017
76	982
77	1177
78	726
79	1219
80	953
81	733
82	1024
83	1075
84	808
85	946
86	811
87	1045
88	918
89	850
90	873
91	954
92	927
93	1060
94	844
95	974
96	793
97	1323
98	935
99	861
100	944
101	929
102	1113
103	879
104	927
105	893
106	849
107	721
108	841
109	1273
110	1013
111	930
112	950
113	969
114	959
115	1072
116	746
117	1092
118	803
119	707
120	945
121	893
122	974
123	1134
124	931
125	762
126	950
127	1002
128	765
129	1045
130	694
131	782
132	769
133	738
134	918
135	769
136	907
137	670
138	911
139	954
140	818
141	758
142	826
143	1014
144	966
145	939
146	834
147	824
148	791
149	780
150	1100
151	879
152	1188
153	839
154	714
155	765
156	928
157	1008
158	904
159	997
160	1021
161	955
162	773
163	968
164	691
165	816
166	926
167	1156
168	873
169	927
170	884
171	895
172	851
173	848
174	1025
175	711
176	733
177	1047
178	803
179	748
180	994
181	705
182	935
183	934
184	899
185	827
186	951
187	767
188	973
189	910
190	1154
191	777
192	778
193	798
194	937
195	833
196	717
197	815
198	1021
199	794
200	1034
201	705
202	757
203	961
204	930
205	1137
206	839
207	1014
208	1216
209	787
210	924
211	991
212	1108
213	1276
214	810
215	1035
216	868
217	844
218	800
219	882
220	1097
221	1267
222	987
223	754
224	931
225	800
226	771
227	964
228	775
229	865
230	829
231	1027
232	925
233	827
234	898
235	896
236	876
237	978
238	1110
239	907
240	761
241	832
242	999
243	668
244	868
245	828
246	1001
247	1095
248	713
249	803
250	860
251	859
252	914
253	896
254	792
255	1270
256	1055
257	825
258	739
259	1023
260	767
261	846
262	847
263	833
264	1027
265	981
266	867
267	588
268	992
269	742
270	1094
271	891
272	1011
273	805
274	739
275	827
276	888
277	1017
278	778
279	837
280	1013
281	876
282	1010
283	1075
284	865
285	1010
286	779
287	803
288	986
289	935
290	727
291	1044
292	955
293	989
294	823
295	857
296	838
297	941
298	884
299	1158
300	967
301	1152
302	778
303	988
304	1010
305	804
306	920
307	676
308	753
309	1160
310	753
311	891
312	942
313	908
314	775
315	759
316	1009
317	743
318	725
319	1162
320	894
321	898
322	907
323	793
324	899
325	875
326	705
327	843
328	909
329	896
330	902
331	1074
332	849
333	792
334	754
335	831
336	938
337	1011
338	987
339	1225
340	804
341	865
342	777
343	1218
344	755
345	823
346	990
347	801
348	821
349	889
350	985
351	882
352	848
353	861
354	884
355	786
356	1273
357	782
358	779
359	800
360	959
361	804
362	953
363	829
364	847
365	893
366	1279
367	941
368	988
369	893
370	892
371	936
372	698
373	1155
374	980
375	793
376	769
377	898
378	937
379	895
380	826
381	1094
382	965
383	829
384	975
385	797
386	962
387	902
388	876
389	864
390	785
391	705
392	759
393	834
394	907
395	887
396	676
397	896
398	835
399	685
400	864
401	831
402	1001
403	922
404	923
405	1087
406	798
407	967
408	796
409	1202
410	875
411	858
412	859
413	951
414	1014
415	922
416	984
417	785
418	778
419	898
420	1038
421	1089
422	964
423	915
424	909
425	1095
426	722
427	907
428	815
429	1048
430	815
431	1055
432	1159
433	828
434	1108
435	1165
436	759
437	949
438	776
439	809
440	1109
441	820
442	1054
443	1152
444	763
445	927
446	774
447	913
448	929
449	855
450	927
451	975
452	793
453	999
454	749
455	1056
456	973
457	916
458	916
459	799
460	950
461	834
462	786
463	825
464	1039
465	784
466	789
467	763
468	1008
469	1279
470	779
471	750
472	948
473	656
474	1115
475	837
476	987
477	1037
478	859
479	882
480	877
481	872
482	814
483	803
484	874
485	1019
486	986
487	1048
488	967
489	1437
490	1219
491	753
492	828
493	982
494	912
495	973
496	1189
497	789
498	843
499	823
500	832
501	822
502	897
503	870
504	940
505	925
506	883
507	903
508	964
509	816
510	689
511	892
512	838
513	1072
514	878
515	1135
516	770
517	685
518	697
519	1154
520	772
521	883
522	1024
523	971
524	1015
525	739
526	970
527	1000
528	721
529	791
530	826
531	985
532	827
533	865
534	891
535	1059
536	919
537	789
538	833
539	1150
540	859
541	1035
542	834
543	902
544	973
545	670
546	977
547	1086
548	840
549	764
550	871
551	652
552	840
553	915
554	860
555	1077
556	775
557	761
558	806
559	1099
560	988
561	784
562	709
563	832
564	925
565	753
566	960
567	738
568	1150
569	935
570	990
571	1206
572	833
573	978
574	863
575	1178
576	852
577	856
578	934
579	1169
580	696
581	775
582	942
583	857
584	968
585	731
586	799
587	995
588	1132
589	671
590	799
591	839
592	1019
593	1079
594	990
595	806
596	839
597	787
598	840
599	719
600	937
601	910
602	1042
603	1012
604	773
605	787
606	855
607	882
608	1010
609	772
610	917
611	935
612	834
613	890
614	888
615	1051
616	932
617	1016
618	805
619	920
620	927
621	913
622	927
623	898
624	715
625	1012
626	746
627	918
628	1013
629	907
630	877
631	1017
632	978
633	988
634	892
635	863
636	950
637	1064
638	830
639	985
640	785
641	940
642	1014
643	909
644	894
645	864
646	891
647	1111
648	791
649	807
650	808
651	734
652	681
653	990
654	965
655	1068
656	862
657	950
658	951
659	834
660	870
661	1012
662	1121
663	920
664	919
665	1030
666	765
667	827
668	1144
669	919
670	716
671	735
672	749
673	1405
674	799
675	840
676	1006
677	912
678	1141
679	905
680	779
681	943
682	784
683	838
684	952
685	774
686	877
687	956
688	1146
689	1041
690	833
691	951
692	879
693	914
694	984
695	658
696	955
697	1012
698	750
699	1002
700	860
701	843
702	998
703	860
704	1574
705	1138
706	940
707	819
708	981
709	875
710	626
711	1265
712	1206
713	894
714	949
715	1135
716	1171
717	835
718	1050
719	780
720	890
721	756
722	905
723	988
724	921
725	880
726	738
727	990
728	852
729	697
730	780
731	914
732	1051
733	913
734	1012
735	723
736	913
737	962
738	1427
739	867
740	749
741	1097
742	947
743	844
744	815
745	824
746	758
747	775
748	795
749	730
750	871
751	853
752	936
753	815
754	802
755	703
756	855
757	849
758	774
759	726
760	998
761	811
762	955
763	837
764	743
765	967
766	886
767	753
768	942
769	882
770	872
771	907
772	832
773	842
774	1010
775	1182
776	914
777	889
778	798
779	914
780	1251
781	697
782	1068
783	711
784	1027
785	778
786	936
787	906
788	981
789	813
790	813
791	688
792	799
793	871
794	629
795	920
796	821
797	862
798	830
799	1047
800	894
801	1101
802	767
803	829
804	786
805	816
806	1095
807	1052
808	786
809	736
810	804
811	761
812	1118
813	1235
814	905
815	799
816	825
817	1148
818	891
819	1005
820	909
821	1042
822	813
823	772
824	949
825	1152
826	1070
827	896
828	883
829	945
830	992
831	1183
832	1057
833	898
834	954
835	856
836	852
837	648
838	1017
839	893
840	964
841	974
842	872
843	872
844	1033
845	862
846	780
847	1080
848	833
849	658
850	908
851	893
852	970
853	796
854	856
855	829
856	1140
857	865
858	775
859	662
860	934
861	871
862	758
863	785
864	885
865	938
866	742
867	787
868	745
869	757
870	944
871	1105
872	893
873	761
874	810
875	1075
876	864
877	1024
878	872
879	899
880	827
881	902
882	1042
883	833
884	1140
885	890
886	928
887	1017
888	839
889	785
890	907
891	1075
892	1119
893	836
894	799
895	829
896	1026
897	708
898	1337
899	1145
900	1022
901	750
902	907
903	743
904	659
905	952
906	899
907	799
908	1098
909	770
910	873
911	930
912	791
913	844
914	982
915	984
916	650
917	686
918	757
919	932
920	1081
921	936
922	1126
923	722
924	725
925	874
926	821
927	888
928	1006
929	949
930	757
931	929
932	890
933	1013
934	1023
935	820
936	632
937	832
938	946
939	784
940	808
941	678
942	787
943	1100
944	1161
945	752
946	759
947	886
948	845
949	1026
950	931
951	1002
952	898
953	972
954	787
955	1162
956	918
957	859
958	839
959	742
960	923
961	922
962	864
963	723
964	654
965	995
966	740
967	1165
968	864
969	800
970	805
971	915
972	763
973	786
974	760
975	847
976	898
977	810
978	852
979	853
980	856
981	713
982	757
983	938
984	850
985	1032
986	874
987	1053
988	1112
989	868
990	791
991	828
992	1091
993	809
994	649
995	1080
996	818
997	783
998	823
999	999
1000	1164
1001	869
1002	837
1003	691
1004	640
1005	904
1006	813
1007	708
1008	616
1009	776
1010	805
1011	1049
1012	879
1013	931
1014	1019
1015	678
1016	1058
1017	791
1018	901
1019	813
1020	880
1021	719
1022	771
1023	1318
1024	945
1025	811
1026	860
1027	1198
1028	1146
1029	833
1030	740
1031	1086
1032	853
1033	1330
1034	877
1035	1153
1036	880
1037	1149
1038	874
1039	1052
1040	921
1041	1177
1042	1083
1043	771
1044	958
1045	714
1046	1211
1047	661
1048	1067
1049	774
1050	1002
1051	891
1052	1015
1053	743
1054	1068
1055	846
1056	723
1057	743
1058	917
1059	766
1060	777
1061	821
1062	1034
1063	739
1064	1087
1065	833
1066	981
1067	693
1068	747
1069	751
1070	719
1071	763
1072	1098
1073	947
1074	982
1075	862
1076	915
1077	849
1078	885
1079	993
1080	875
1081	804
1082	803
1083	944
1084	931
1085	1511
1086	857
1087	962
1088	947
1089	916
1090	895
1091	777
1092	952
1093	801
1094	873
1095	1068
1096	1119
1097	991
1098	715
1099	707
1100	821
1101	838
1102	831
1103	973
1104	1044
1105	869
1106	905
1107	882
1108	1245
1109	1030
1110	847
1111	1048
1112	1161
1113	840
1114	837
1115	1104
1116	1019
1117	813
1118	984
1119	853
1120	851
1121	1224
1122	872
1123	1055
1124	1170
1125	856
1126	879
1127	1001
1128	1030
1129	954
1130	830
1131	1136
1132	963
1133	835
1134	971
1135	865
1136	886
1137	747
1138	877
1139	876
1140	787
1141	858
1142	924
1143	797
1144	910
1145	913
1146	721
1147	825
1148	766
1149	1085
1150	942
1151	1029
1152	817
1153	710
1154	718
1155	981
1156	1063
1157	1159
1158	757
1159	869
1160	825
1161	1499
1162	930
1163	1037
1164	941
1165	964
1166	728
1167	970
1168	880
1169	1050
1170	952
1171	1000
1172	831
1173	944
1174	841
1175	1011
1176	768
1177	1131
1178	771
1179	729
1180	874
1181	912
1182	943
1183	717
1184	854
1185	832
1186	973
1187	870
1188	961
1189	646
1190	990
1191	833
1192	793
1193	859
1194	823
1195	706
1196	753
1197	763
1198	1087
1199	900
1200	1005
1201	780
1202	973
1203	903
1204	918
1205	810
1206	999
1207	1019
1208	952
1209	887
1210	720
1211	1064
1212	1029
1213	995
1214	1085
1215	901
1216	749
1217	1073
1218	1075
1219	818
1220	831
1221	1392
1222	915
1223	684
1224	1118
1225	971
1226	817
1227	925
1228	710
1229	916
1230	921
1231	879
1232	1210
1233	733
1234	914
1235	674
1236	866
1237	1062
1238	795
1239	838
1240	864
1241	757
1242	943
1243	718
1244	864
1245	824
1246	1020
1247	750
1248	957
1249	868
1250	694
1251	777
1252	873
1253	750
1254	1227
1255	824
1256	845
1257	733
1258	708
1259	844
1260	847
1261	1404
1262	777
1263	913
1264	1123
1265	813
1266	772
1267	1003
1268	892
1269	777
1270	819
1271	783
1272	818
1273	922
1274	936
1275	1133
1276	867
1277	984
1278	795
1279	1005
1280	1346
1281	772
1282	1117
1283	865
1284	948
1285	907
1286	1023
1287	1281
1288	808
1289	837
1290	954
1291	879
1292	798
1293	766
1294	715
1295	819
1296	1002
1297	961
1298	954
1299	659
1300	992
1301	911
1302	833
1303	900
1304	881
1305	780
1306	963
1307	961
1308	824
1309	810
1310	1027
1311	890
1312	990
1313	965
1314	873
1315	804
1316	973
1317	704
1318	820
1319	792
1320	1099
1321	1016
1322	936
1323	726
1324	764
1325	871
1326	1067
1327	932
1328	868
1329	886
1330	760
1331	738
1332	1161
1333	810
1334	917
1335	867
1336	926
1337	857
1338	747
1339	991
1340	736
1341	812
1342	750
1343	1234
1344	966
1345	918
1346	715
1347	910
1348	1182
1349	966
1350	897
1351	738
1352	977
1353	696
1354	1032
1355	658
1356	1007
1357	969
1358	1386
1359	849
1360	917
1361	877
1362	997
1363	938
1364	724
1365	785
1366	1203
1367	1247
1368	1282
1369	806
1370	1046
1371	885
1372	1051
1373	1010
1374	792
1375	772
1376	861
1377	896
1378	1030
1379	909
1380	876
1381	804
1382	1198
1383	801
1384	989
1385	1030
1386	869
1387	1008
1388	845
1389	1025
1390	986
1391	680
1392	826
1393	905
1394	766
1395	899
1396	970
1397	1044
1398	830
1399	870
1400	1065
1401	1098
1402	835
1403	842
1404	675
1405	1011
1406	978
1407	982
1408	866
1409	977
1410	844
1411	716
1412	1114
1413	764
1414	992
1415	782
1416	996
1417	760
1418	886
1419	773
1420	1077
1421	822
1422	1235
1423	824
1424	1081
1425	851
1426	1029
1427	1007
1428	737
1429	832
1430	777
1431	845
1432	864
1433	891
1434	943
1435	917
1436	959
1437	881
1438	931
1439	900
1440	1327
1441	699
1442	744
1443	798
1444	900
1445	1097
1446	779
1447	1085
1448	704
1449	807
1450	655
1451	1006
1452	781
1453	862
1454	1056
1455	982
1456	838
1457	1231
1458	791
1459	830
1460	1032
1461	841
1462	1202
1463	773
1464	967
1465	832
1466	791
1467	844
1468	760
1469	936
1470	730
1471	798
1472	1170
1473	716
1474	675
1475	847
1476	928
1477	917
1478	938
1479	932
1480	955
1481	815
1482	804
1483	929
1484	772
1485	1191
1486	1102
1487	882
1488	742
1489	872
1490	1008
1491	834
1492	782
1493	873
1494	1007
1495	779
1496	986
1497	971
1498	895
1499	790
1500	1113
1501	801
1502	916
1503	1018
1504	1028
1505	1176
1506	834
1507	768
1508	880
1509	801
1510	831
1511	891
1512	877
1513	923
1514	970
1515	694
1516	1337
1517	933
1518	915
1519	747
1520	789
1521	866
1522	783
1523	780
1524	743
1525	851
1526	1114
1527	1165
1528	907
1529	832
1530	927
1531	1084
1532	929
1533	826
1534	845
1535	708
1536	781
1537	984
1538	1033
1539	783
1540	943
1541	782
1542	775
1543	1110
1544	743
1545	1037
1546	856
1547	997
1548	944
1549	1329
1550	921
1551	833
1552	858
1553	609
1554	838
1555	779
1556	922
1557	944
1558	825
1559	720
1560	781
1561	970
1562	1013
1563	971
1564	920
1565	717
1566	929
1567	913
1568	895
1569	975
1570	807
1571	720
1572	965
1573	777
1574	849
1575	623
1576	957
1577	1007
1578	908
1579	1043
1580	927
1581	752
1582	853
1583	822
1584	806
1585	1259
1586	932
1587	809
1588	855
1589	821
1590	1241
1591	833
1592	761
1593	1080
1594	947
1595	1055
1596	942
1597	844
1598	792
1599	965
1600	814
1601	778
1602	935
1603	858
1604	861
1605	712
1606	874
1607	859
1608	1255
1609	877
1610	781
1611	1019
1612	861
1613	901
1614	877
1615	712
1616	827
1617	729
1618	909
1619	857
1620	793
1621	741
1622	1076
1623	854
1624	679
1625	814
1626	659
1627	816
1628	998
1629	837
1630	785
1631	897
1632	1040
1633	1003
1634	870
1635	996
1636	889
1637	1118
1638	811
1639	756
1640	1072
1641	719
1642	1267
1643	834
1644	1329
1645	810
1646	871
1647	663
1648	1043
1649	885
1650	694
1651	863
1652	836
1653	857
1654	777
1655	1413
1656	959
1657	1116
1658	786
1659	1398
1660	837
1661	777
1662	761
1663	740
1664	1140
1665	783
1666	860
1667	1021
1668	1023
1669	789
1670	897
1671	1033
1672	829
1673	1008
1674	721
1675	1030
1676	847
1677	736
1678	874
1679	1176
1680	667
1681	715
1682	814
1683	796
1684	836
1685	839
1686	809
1687	954
1688	929
1689	819
1690	1083
1691	1027
1692	1208
1693	873
1694	948
1695	742
1696	833
1697	1014
1698	897
1699	839
1700	1176
1701	1041
1702	1129
1703	761
1704	926
1705	904
1706	990
1707	1066
1708	820
1709	833
1710	870
1711	968
1712	904
1713	705
1714	819
1715	715
1716	1338
1717	946
1718	831
1719	863
1720	1169
1721	878
1722	934
1723	740
1724	981
1725	1112
1726	794
1727	1106
1728	916
1729	893
1730	983
1731	769
1732	912
1733	1217
1734	1013
1735	883
1736	1168
1737	861
1738	842
1739	871
1740	905
1741	864
1742	812
1743	973
1744	754
1745	1388
1746	815
1747	977
1748	761
1749	954
1750	825
1751	946
1752	851
1753	734
1754	980
1755	1151
1756	900
1757	1179
1758	793
1759	832
1760	947
1761	935
1762	901
1763	822
1764	707
1765	1011
1766	787
1767	921
1768	747
1769	1079
1770	686
1771	1119
1772	802
1773	815
1774	1261
1775	1074
1776	787
1777	1196
1778	823
1779	697
1780	920
1781	692
1782	1250
1783	713
1784	753
1785	1142
1786	765
1787	956
1788	708
1789	831
1790	1137
1791	912
1792	896
1793	776
1794	730
1795	925
1796	772
1797	782
1798	754
1799	867
1800	847
1801	928
1802	920
1803	952
1804	889
1805	1033
1806	866
1807	757
1808	805
1809	840
1810	900
1811	902
1812	850
1813	683
1814	1054
1815	736
1816	874
1817	801
1818	817
1819	851
1820	904
1821	858
1822	1050
1823	926
1824	764
1825	1972
1826	837
1827	1001
1828	889
1829	835
1830	921
1831	1029
1832	1146
1833	866
1834	849
1835	753
1836	851
1837	776
1838	919
1839	882
1840	930
1841	1008
1842	887
1843	1092
1844	954
1845	901
1846	775
1847	1164
1848	1221
1849	737
1850	806
1851	684
1852	1137
1853	703
1854	808
1855	962
1856	821
1857	1066
1858	845
1859	931
1860	815
1861	807
1862	822
1863	979
1864	878
1865	1109
1866	777
1867	709
1868	908
1869	1061
1870	877
1871	946
1872	710
1873	797
1874	726
1875	928
1876	843
1877	926
1878	773
1879	862
1880	1046
1881	900
1882	661
1883	919
1884	1212
1885	797
1886	709
1887	883
1888	875
1889	924
1890	730
1891	923
1892	963
1893	735
1894	725
1895	1154
1896	780
1897	774
1898	782
1899	886
1900	952
1901	814
1902	751
1903	892
1904	773
1905	920
1906	745
1907	996
1908	783
1909	806
1910	825
1911	718
1912	815
1913	906
1914	998
1915	1058
1916	889
1917	1061
1918	1028
1919	868
1920	969
1921	804
1922	739
1923	776
1924	1016
1925	868
1926	795
1927	876
1928	890
1929	948
1930	874
1931	668
1932	827
1933	819
1934	838
1935	881
1936	802
1937	810
1938	780
1939	903
1940	694
1941	818
1942	826
1943	858
1944	904
1945	841
1946	721
1947	961
1948	935
1949	1017
1950	1422
1951	1409
1952	1016
1953	832
1954	1101
1955	943
1956	825
1957	837
1958	918
1959	934
1960	907
1961	754
1962	789
1963	925
1964	979
1965	710
1966	839
1967	812
1968	832
1969	881
1970	842
1971	1080
1972	899
1973	907
1974	988
1975	849
1976	1003
1977	1014
1978	775
1979	1085
1980	888
1981	945
1982	794
1983	839
1984	949
1985	859
1986	883
1987	1009
1988	950
1989	880
1990	1047
1991	948
1992	673
1993	750
1994	900
1995	798
1996	1147
1997	807
1998	1211
1999	1186
2000	925
2001	975
2002	907
2003	776
2004	931
2005	866
2006	830
2007	814
2008	826
2009	1127
2010	992
2011	951
2012	827
2013	1028
2014	723
2015	861
2016	1052
2017	827
2018	887
2019	893
2020	983
2021	876
2022	970
2023	811
2024	733
2025	783
2026	748
2027	791
2028	854
2029	908
2030	984
2031	839
2032	1038
2033	935
2034	939
2035	991
2036	816
2037	647
2038	811
2039	945
2040	930
2041	957
2042	724
2043	913
2044	741
2045	1044
2046	869
2047	1027
2048	1131
2049	841
2050	729
2051	984
2052	946
2053	944
2054	873
2055	905
2056	1133
2057	1332
2058	852
2059	943
2060	935
2061	920
2062	1163
2063	899
2064	723
2065	834
2066	1010
2067	793
2068	996
2069	787
2070	729
2071	792
2072	1026
2073	978
2074	843
2075	816
2076	791
2077	828
2078	887
2079	874
2080	983
2081	1085
2082	996
2083	952
2084	645
2085	1440
2086	889
2087	1305
2088	1213
2089	819
2090	797
2091	982
2092	1129
2093	938
2094	1064
2095	903
2096	818
2097	781
2098	941
2099	786
2100	1027
2101	790
2102	864
2103	826
2104	751
2105	934
2106	894
2107	878
2108	887
2109	802
2110	874
2111	771
2112	1068
2113	695
2114	911
2115	965
2116	851
2117	775
2118	899
2119	1143
2120	1106
2121	964
2122	797
2123	1024
2124	817
2125	1123
2126	987
2127	1140
2128	855
2129	766
2130	844
2131	947
2132	944
2133	1037
2134	742
2135	857
2136	789
2137	867
2138	1152
2139	878
2140	1000
2141	1014
2142	797
2143	1045
2144	777
2145	800
2146	953
2147	1131
2148	862
2149	914
2150	973
2151	962
2152	765
2153	705
2154	803
2155	1008
2156	975
2157	702
2158	743
2159	848
2160	650
2161	697
2162	1045
2163	923
2164	1001
2165	938
2166	1012
2167	843
2168	936
2169	936
2170	1159
2171	1002
2172	813
2173	839
2174	858
2175	1019
2176	930
2177	938
2178	887
2179	1041
2180	1028
2181	887
2182	795
2183	693
2184	1009
2185	982
2186	855
2187	897
2188	951
2189	1144
2190	919
2191	876
2192	1035
2193	808
2194	1069
2195	798
2196	1121
2197	832
2198	955
2199	984
2200	1114
2201	893
2202	849
2203	838
2204	982
2205	793
2206	1010
2207	733
2208	905
2209	1188
2210	761
2211	985
2212	909
2213	922
2214	683
2215	978
2216	862
2217	1185
2218	869
2219	1036
2220	1076
2221	858
2222	855
2223	997
2224	875
2225	821
2226	709
2227	907
2228	756
2229	897
2230	1031
2231	961
2232	1017
2233	761
2234	974
2235	841
2236	775
2237	825
2238	769
2239	1055
2240	981
2241	868
2242	998
2243	876
2244	987
2245	957
2246	943
2247	887
2248	755
2249	970
2250	795
2251	854
2252	813
2253	854
2254	757
2255	699
2256	720
2257	803
2258	923
2259	1005
2260	862
2261	1080
2262	910
2263	872
2264	728
2265	747
2266	919
2267	924
2268	854
2269	922
2270	1092
2271	738
2272	1003
2273	763
2274	920
2275	808
2276	851
2277	1107
2278	773
2279	796
2280	937
2281	783
2282	910
2283	1013
2284	1007
2285	749
2286	783
2287	905
2288	909
2289	800
2290	806
2291	790
2292	782
2293	732
2294	746
2295	906
2296	864
2297	877
2298	1127
2299	896
2300	812
2301	901
2302	943
2303	820
2304	1176
2305	786
2306	845
2307	885
2308	903
2309	1017
2310	797
2311	964
2312	863
2313	756
2314	838
2315	647
2316	781
2317	1046
2318	817
2319	966
2320	852
2321	1023
2322	880
2323	1242
2324	815
2325	775
2326	869
2327	897
2328	949
2329	980
2330	833
2331	750
2332	1047
2333	887
2334	885
2335	792
2336	702
2337	982
2338	859
2339	887
2340	1311
2341	1060
2342	836
2343	741
2344	722
2345	893
2346	730
2347	887
2348	1118
2349	875
2350	887
2351	874
2352	952
2353	994
2354	913
2355	759
2356	969
2357	1003
2358	1050
2359	1087
2360	801
2361	790
2362	1023
2363	848
2364	846
2365	998
2366	972
2367	868
2368	886
2369	790
2370	1123
2371	1166
2372	879
2373	969
2374	1073
2375	899
2376	1003
2377	1194
2378	936
2379	853
2380	669
2381	972
2382	703
2383	776
2384	689
2385	1025
2386	805
2387	772
2388	1032
2389	840
2390	813
2391	1279
2392	670
2393	971
2394	1016
2395	787
2396	844
2397	907
2398	1023
2399	710
2400	831
2401	774
2402	768
2403	1051
2404	854
2405	883
2406	877
2407	986
2408	1375
2409	847
2410	841
2411	701
2412	1132
2413	1100
2414	1115
2415	1141
2416	680
2417	829
2418	945
2419	787
2420	788
2421	1032
2422	893
2423	880
2424	878
2425	966
2426	1360
2427	1218
2428	822
2429	858
2430	789
2431	837
2432	687
2433	675
2434	887
2435	1072
2436	860
2437	896
2438	790
2439	783
2440	1174
2441	920
2442	759
2443	1149
2444	983
2445	933
2446	941
2447	722
2448	840
2449	1044
2450	1149
2451	899
2452	891
2453	879
2454	1190
2455	971
2456	933
2457	751
2458	1002
2459	897
2460	726
2461	733
2462	980
2463	695
2464	899
2465	863
2466	792
2467	855
2468	971
2469	997
2470	788
2471	882
2472	872
2473	1359
2474	776
2475	697
2476	973
2477	1034
2478	948
2479	1018
2480	946
2481	1128
2482	793
2483	927
2484	858
2485	794
2486	899
2487	954
2488	898
2489	842
2490	927
2491	726
2492	910
2493	885
2494	707
2495	886
2496	925
2497	866
2498	764
2499	927
2500	1179
2501	785
2502	803
2503	1069
2504	789
2505	963
2506	872
2507	944
2508	815
2509	787
2510	1048
2511	1038
2512	778
2513	919
2514	885
2515	959
2516	816
2517	847
2518	879
2519	967
2520	826
2521	1126
2522	731
2523	895
2524	1108
2525	917
2526	971
2527	1062
2528	827
2529	700
2530	978
2531	915
2532	757
2533	964
2534	750
2535	950
2536	888
2537	1065
2538	997
2539	1018
2540	753
2541	1152
2542	849
2543	1203
2544	1151
2545	1263
2546	975
2547	713
2548	810
2549	926
2550	835
2551	897
2552	825
2553	914
2554	731
2555	839
2556	1131
2557	718
2558	1068
2559	898
2560	895
2561	806
2562	911
2563	905
2564	975
2565	838
2566	751
2567	817
2568	1051
2569	1018
2570	1022
2571	933
2572	909
2573	790
2574	767
2575	1168
2576	917
2577	970
2578	721
2579	778
2580	837
2581	756
2582	980
2583	837
2584	652
2585	847
2586	754
2587	899
2588	1077
2589	765
2590	1007
2591	882
2592	839
2593	839
2594	665
2595	654
2596	1173
2597	961
2598	1033
2599	791
2600	874
2601	922
2602	827
2603	845
2604	1142
2605	1019
2606	859
2607	887
2608	750
2609	832
2610	867
2611	959
2612	987
2613	941
2614	612
2615	1249
2616	816
2617	864
2618	903
2619	1016
2620	934
2621	879
2622	951
2623	984
2624	1005
2625	786
2626	748
2627	903
2628	858
2629	827
2630	1252
2631	831
2632	821
2633	1158
2634	751
2635	850
2636	1154
2637	930
2638	1118
2639	806
2640	922
2641	871
2642	837
2643	1060
2644	1139
2645	767
2646	750
2647	754
2648	1029
2649	793
2650	796
2651	1177
2652	787
2653	830
2654	939
2655	834
2656	809
2657	876
2658	825
2659	755
2660	949
2661	929
2662	956
2663	831
2664	824
2665	1025
2666	783
2667	745
2668	1012
2669	858
2670	712
2671	740
2672	868
2673	891
2674	812
2675	1038
2676	825
2677	878
2678	891
2679	713
2680	1083
2681	796
2682	841
2683	1030
2684	867
2685	877
2686	758
2687	1221
2688	748
2689	937
2690	742
2691	766
2692	1061
2693	1269
2694	728
2695	731
2696	1156
2697	932
2698	1059
2699	1212
2700	774
2701	932
2702	953
2703	805
2704	926
2705	741
2706	673
2707	938
2708	946
2709	1222
2710	1037
2711	858
2712	869
2713	765
2714	804
2715	1015
2716	869
2717	919
2718	851
2719	1008
2720	794
2721	733
2722	1065
2723	940
2724	745
2725	783
2726	849
2727	853
2728	911
2729	804
2730	761
2731	780
2732	1014
2733	894
2734	1023
2735	910
2736	902
2737	776
2738	804
2739	800
2740	780
2741	797
2742	1103
2743	1002
2744	918
2745	784
2746	655
2747	977
2748	921
2749	889
2750	1034
2751	725
2752	1081
2753	816
2754	620
2755	1014
2756	921
2757	777
2758	1042
2759	838
2760	887
2761	692
2762	885
2763	903
2764	1230
2765	1018
2766	1067
2767	869
2768	875
2769	722
2770	889
2771	877
2772	718
2773	788
2774	948
2775	778
2776	652
2777	983
2778	782
2779	913
2780	1028
2781	878
2782	935
2783	803
2784	1137
2785	859
2786	973
2787	926
2788	732
2789	682
2790	769
2791	834
2792	1107
2793	798
2794	875
2795	1065
2796	867
2797	969
2798	816
2799	754
2800	926
2801	1042
2802	947
2803	792
2804	1155
2805	866
2806	888
2807	900
2808	858
2809	800
2810	1002
2811	866
2812	933
2813	776
2814	904
2815	988
2816	882
2817	1001
2818	1014
2819	913
2820	975
2821	1058
2822	900
2823	936
2824	847
2825	819
2826	764
2827	858
2828	894
2829	820
2830	860
2831	1099
2832	1122
2833	714
2834	870
2835	726
2836	886
2837	1141
2838	1024
2839	900
2840	784
2841	912
2842	813
2843	820
2844	1155
2845	865
2846	901
2847	828
2848	837
2849	943
2850	947
2851	780
2852	856
2853	954
2854	849
2855	889
2856	927
2857	1000
2858	1001
2859	913
2860	758
2861	974
2862	894
2863	880
2864	855
2865	1069
2866	1022
2867	907
2868	739
2869	976
2870	1068
2871	770
2872	782
2873	901
2874	823
2875	1141
2876	714
2877	785
2878	883
2879	766
2880	857
2881	856
2882	1175
2883	1011
2884	907
2885	1122
2886	863
2887	973
2888	1101
2889	785
2890	961
2891	1265
2892	1200
2893	1115
2894	897
2895	855
2896	769
2897	837
2898	961
2899	698
2900	748
2901	776
2902	1125
2903	1075
2904	764
2905	843
2906	643
2907	970
2908	888
2909	845
2910	814
2911	981
2912	1068
2913	692
2914	869
2915	977
2916	858
2917	929
2918	831
2919	976
2920	1123
2921	761
2922	1110
2923	1053
2924	788
2925	824
2926	805
2927	787
2928	937
2929	848
2930	759
2931	913
2932	747
2933	1009
2934	1087
2935	825
2936	803
2937	845
2938	995
2939	703
2940	1019
2941	913
2942	1086
2943	938
2944	786
2945	726
2946	838
2947	745
2948	825
2949	983
2950	837
2951	671
2952	873
2953	853
2954	1081
2955	906
2956	1023
2957	1247
2958	708
2959	717
2960	1005
2961	805
2962	797
2963	931
2964	880
2965	841
2966	916
2967	767
2968	713
2969	992
2970	1155
2971	732
2972	781
2973	1187
2974	710
2975	855
2976	1022
2977	1183
2978	952
2979	1104
2980	921
2981	1151
2982	1010
2983	774
2984	814
2985	807
2986	981
2987	903
2988	878
2989	776
2990	945
2991	799
2992	830
2993	811
2994	816
2995	768
2996	991
2997	680
2998	733
2999	924
3000	975
3001	797
3002	759
3003	762
3004	855
3005	936
3006	842
3007	863
3008	825
3009	831
3010	773
3011	906
3012	854
3013	819
3014	807
3015	801
3016	919
3017	827
3018	1048
3019	1053
3020	880
3021	1049
3022	832
3023	940
3024	820
3025	782
3026	805
3027	951
3028	661
3029	921
3030	918
3031	782
3032	915
3033	1041
3034	1041
3035	947
3036	980
3037	951
3038	816
3039	1139
3040	1069
3041	807
3042	847
3043	922
3044	714
3045	850
3046	838
3047	1071
3048	830
3049	744
3050	829
3051	1062
3052	698
3053	912
3054	935
3055	814
3056	933
3057	897
3058	853
3059	822
3060	1071
3061	807
3062	776
3063	889
3064	730
3065	890
3066	865
3067	958
3068	904
3069	944
3070	817
3071	927
3072	849
3073	833
3074	853
3075	1274
3076	963
3077	855
3078	966
3079	890
3080	798
3081	771
3082	760
3083	1088
3084	796
3085	849
3086	1153
3087	1008
3088	794
3089	982
3090	841
3091	1036
3092	801
3093	956
3094	718
3095	959
3096	781
3097	948
3098	947
3099	916
3100	882
3101	1042
3102	829
3103	779
3104	987
3105	959
3106	942
3107	969
3108	771
3109	958
3110	724
3111	830
3112	897
3113	962
3114	829
3115	856
3116	921
3117	882
3118	1044
3119	778
3120	813
3121	757
3122	1012
3123	987
3124	716
3125	952
3126	848
3127	816
3128	712
3129	900
3130	759
3131	893
3132	781
3133	902
3134	813
3135	754
3136	771
3137	761
3138	1107
3139	1101
3140	772
3141	932
3142	889
3143	1157
3144	880
3145	763
3146	963
3147	793
3148	817
3149	1319
3150	781
3151	840
3152	732
3153	849
3154	949
3155	654
3156	925
3157	695
3158	996
3159	736
3160	1075
3161	863
3162	887
3163	780
3164	784
3165	717
3166	889
3167	995
3168	899
3169	1121
3170	829
3171	778
3172	841
3173	914
3174	776
3175	707
3176	1076
3177	908
3178	1011
3179	1171
3180	984
3181	903
3182	958
3183	850
3184	923
3185	955
3186	830
3187	757
3188	952
3189	911
3190	801
3191	972
3192	802
3193	726
3194	1086
3195	767
3196	804
3197	763
3198	935
3199	903
3200	1380
3201	999
3202	819
3203	1230
3204	821
3205	927
3206	845
3207	851
3208	877
3209	963
3210	826
3211	768
3212	978
3213	976
3214	930
3215	775
3216	1233
3217	745
3218	791
3219	912
3220	974
3221	1082
3222	785
3223	673
3224	839
3225	860
3226	985
3227	921
3228	965
3229	1046
3230	1124
3231	880
3232	792
3233	961
3234	816
3235	1404
3236	1260
3237	1214
3238	1149
3239	1049
3240	910
3241	830
3242	874
3243	1044
3244	952
3245	1143
3246	736
3247	837
3248	1175
3249	945
3250	1015
3251	794
3252	911
3253	771
3254	815
3255	1012
3256	901
3257	664
3258	1111
3259	891
3260	865
3261	728
3262	1112
3263	888
3264	1007
3265	711
3266	841
3267	1072
3268	672
3269	859
3270	788
3271	951
3272	933
3273	935
3274	1018
3275	865
3276	845
3277	802
3278	859
3279	822
3280	921
3281	944
3282	818
3283	815
3284	966
3285	959
3286	1158
3287	766
3288	734
3289	859
3290	995
3291	916
3292	917
3293	770
3294	826
3295	923
3296	936
3297	804
3298	1050
3299	820
3300	780
3301	940
3302	707
3303	976
3304	907
3305	984
3306	903
3307	1060
3308	1164
3309	1035
3310	808
3311	775
3312	855
3313	860
3314	1036
3315	949
3316	894
3317	719
3318	1036
3319	889
3320	989
3321	755
3322	824
3323	1210
3324	834
3325	703
3326	835
3327	966
3328	732
3329	925
3330	957
3331	972
3332	659
3333	695
3334	873
3335	714
3336	922
3337	835
3338	938
3339	780
3340	946
3341	881
3342	789
3343	769
3344	824
3345	1225
3346	687
3347	931
3348	714
3349	853
3350	1056
3351	798
3352	803
3353	1098
3354	706
3355	1097
3356	1073
3357	1050
3358	911
3359	1015
3360	862
3361	883
3362	1190
3363	800
3364	837
3365	780
3366	829
3367	1219
3368	1172
3369	768
3370	850
3371	839
3372	1170
3373	1028
3374	828
3375	782
3376	1135
3377	999
3378	1057
3379	801
3380	887
3381	859
3382	789
3383	860
3384	922
3385	773
3386	1078
3387	996
3388	1057
3389	1246
3390	906
3391	893
3392	827
3393	933
3394	951
3395	768
3396	859
3397	784
3398	772
3399	922
3400	803
3401	748
3402	746
3403	823
3404	805
3405	952
3406	1319
3407	858
3408	866
3409	748
3410	686
3411	715
3412	1294
3413	1039
3414	828
3415	990
3416	1041
3417	917
3418	828
3419	927
3420	815
3421	814
3422	923
3423	943
3424	945
3425	773
3426	799
3427	952
3428	805
3429	755
3430	985
3431	741
3432	753
3433	723
3434	810
3435	884
3436	883
3437	778
3438	713
3439	768
3440	786
3441	890
3442	679
3443	779
3444	836
3445	810
3446	895
3447	791
3448	1073
3449	806
3450	712
3451	804
3452	783
3453	690
3454	1010
3455	994
3456	820
3457	1011
3458	757
3459	916
3460	702
3461	1248
3462	791
3463	900
3464	904
3465	871
3466	839
3467	959
3468	780
3469	959
3470	1107
3471	988
3472	801
3473	1079
3474	1537
3475	902
3476	846
3477	672
3478	873
3479	1015
3480	899
3481	797
3482	900
3483	823
3484	806
3485	901
3486	967
3487	801
3488	978
3489	910
3490	823
3491	906
3492	740
3493	953
3494	882
3495	886
3496	755
3497	1027
3498	1002
3499	767
3500	866
3501	929
3502	841
3503	776
3504	821
3505	924
3506	1041
3507	1030
3508	906
3509	1005
3510	951
3511	1151
3512	936
3513	905
3514	1019
3515	1046
3516	976
3517	933
3518	1163
3519	648
3520	695
3521	826
3522	819
3523	814
3524	738
3525	931
3526	781
3527	793
3528	1174
3529	880
3530	1018
3531	912
3532	796
3533	950
3534	1254
3535	906
3536	993
3537	889
3538	972
3539	726
3540	721
3541	1120
3542	1090
3543	707
3544	834
3545	815
3546	913
3547	784
3548	1030
3549	707
3550	882
3551	942
3552	1006
3553	791
3554	736
3555	915
3556	974
3557	1143
3558	1018
3559	803
3560	679
3561	808
3562	828
3563	838
3564	941
3565	906
3566	954
3567	917
3568	898
3569	787
3570	813
3571	1021
3572	720
3573	1059
3574	1092
3575	816
3576	1052
3577	1125
3578	719
3579	779
3580	817
3581	1048
3582	754
3583	849
3584	768
3585	945
3586	754
3587	941
3588	1044
3589	817
3590	953
3591	883
3592	833
3593	989
3594	985
3595	1181
3596	1050
3597	961
3598	870
3599	1001
3600	926
3601	1018
3602	841
3603	1016
3604	1009
3605	812
3606	1061
3607	955
3608	892
3609	675
3610	958
3611	841
3612	811
3613	867
3614	848
3615	872
3616	954
3617	1134
3618	1030
3619	751
3620	709
3621	1038
3622	933
3623	714
3624	874
3625	874
3626	908
3627	838
3628	887
3629	848
3630	755
3631	909
3632	687
3633	1093
3634	689
3635	975
3636	859
3637	1385
3638	850
3639	1123
3640	971
3641	790
3642	1159
3643	844
3644	684
3645	750
3646	907
3647	983
3648	688
3649	1042
3650	937
3651	624
3652	1049
3653	916
3654	929
3655	1251
3656	1017
3657	899
3658	813
3659	678
3660	833
3661	1110
3662	722
3663	883
3664	831
3665	816
3666	932
3667	846
3668	1030
3669	1018
3670	950
3671	976
3672	790
3673	922
3674	793
3675	954
3676	1142
3677	1063
3678	1172
3679	1070
3680	798
3681	1219
3682	916
3683	944
3684	845
3685	806
3686	745
3687	873
3688	812
3689	1226
3690	791
3691	1175
3692	1318
3693	832
3694	1015
3695	938
3696	748
3697	1006
3698	979
3699	857
3700	787
3701	826
3702	1107
3703	1085
3704	737
3705	788
3706	1077
3707	760
3708	918
3709	843
3710	1002
3711	760
3712	812
3713	693
3714	895
3715	722
3716	948
3717	1249
3718	780
3719	863
3720	749
3721	1003
3722	911
3723	723
3724	824
3725	954
3726	979
3727	755
3728	976
3729	944
3730	787
3731	763
3732	944
3733	752
3734	866
3735	808
3736	753
3737	867
3738	1022
3739	978
3740	926
3741	846
3742	843
3743	656
3744	965
3745	834
3746	821
3747	925
3748	970
3749	998
3750	702
3751	861
3752	931
3753	849
3754	734
3755	825
3756	794
3757	881
3758	1192
3759	1052
3760	1123
3761	902
3762	912
3763	966
3764	810
3765	921
3766	991
3767	929
3768	824
3769	1178
3770	1245
3771	1165
3772	931
3773	1193
3774	947
3775	797
3776	1077
3777	1009
3778	935
3779	1050
3780	1061
3781	824
3782	795
3783	786
3784	905
3785	859
3786	918
3787	971
3788	763
3789	732
3790	854
3791	833
3792	753
3793	1099
3794	1203
3795	975
3796	840
3797	934
3798	834
3799	1007
3800	1057
3801	1057
3802	1051
3803	879
3804	1103
3805	920
3806	730
3807	903
3808	773
3809	759
3810	755
3811	938
3812	891
3813	1028
3814	817
3815	1395
3816	864
3817	943
3818	845
3819	833
3820	1097
3821	721
3822	996
3823	841
3824	994
3825	883
3826	1016
3827	913
3828	1117
3829	1106
3830	985
3831	918
3832	908
3833	1086
3834	920
3835	667
3836	812
3837	779
3838	902
3839	990
3840	770
3841	847
3842	710
3843	1084
3844	921
3845	866
3846	956
3847	730
3848	885
3849	735
3850	899
3851	1097
3852	819
3853	871
3854	1097
3855	869
3856	877
3857	1066
3858	1030
3859	720
3860	1081
3861	1097
3862	801
3863	933
3864	854
3865	993
3866	1007
3867	1176
3868	879
3869	872
3870	718
3871	699
3872	646
3873	875
3874	876
3875	790
3876	751
3877	1058
3878	973
3879	829
3880	855
3881	686
3882	799
3883	952
3884	975
3885	735
3886	813
3887	853
3888	746
3889	1060
3890	888
3891	862
3892	956
3893	775
3894	1281
3895	881
3896	806
3897	964
3898	857
3899	1091
3900	832
3901	768
3902	999
3903	1015
3904	807
3905	705
3906	1026
3907	920
3908	854
3909	846
3910	797
3911	1122
3912	848
3913	993
3914	974
3915	723
3916	875
3917	996
3918	961
3919	940
3920	781
3921	935
3922	736
3923	864
3924	1054
3925	855
3926	1019
3927	836
3928	781
3929	774
3930	845
3931	856
3932	870
3933	1023
3934	1012
3935	963
3936	893
3937	897
3938	933
3939	1019
3940	732
3941	775
3942	969
3943	1115
3944	935
3945	1026
3946	733
3947	745
3948	840
3949	884
3950	1098
3951	1120
3952	801
3953	1188
3954	836
3955	866
3956	980
3957	855
3958	887
3959	927
3960	1032
3961	969
3962	1242
3963	1162
3964	1052
3965	782
3966	986
3967	839
3968	816
3969	739
3970	687
3971	886
3972	969
3973	861
3974	1011
3975	882
3976	751
3977	960
3978	792
3979	759
3980	752
3981	1077
3982	827
3983	1027
3984	753
3985	1082
3986	728
3987	973
3988	759
3989	800
3990	921
3991	914
3992	972
3993	824
3994	983
3995	1021
3996	846
3997	1014
3998	924
3999	794
4000	951
4001	961
4002	996
4003	913
4004	784
4005	761
4006	791
4007	999
4008	874
4009	1088
4010	917
4011	878
4012	799
4013	1083
4014	690
4015	989
4016	1180
4017	1105
4018	866
4019	955
4020	927
4021	781
4022	948
4023	1022
4024	841
4025	919
4026	876
4027	1070
4028	844
4029	941
4030	717
4031	728
4032	912
4033	762
4034	705
4035	1244
4036	946
4037	776
4038	977
4039	889
4040	915
4041	751
4042	971
4043	716
4044	1032
4045	812
4046	879
4047	756
4048	1170
4049	1011
4050	1139
4051	880
4052	810
4053	981
4054	905
4055	734
4056	1189
4057	1015
4058	1026
4059	962
4060	785
4061	758
4062	760
4063	970
4064	1066
4065	870
4066	896
4067	839
4068	955
4069	705
4070	726
4071	881
4072	775
4073	763
4074	760
4075	792
4076	1031
4077	838
4078	956
4079	1207
4080	887
4081	947
4082	943
4083	1046
4084	639
4085	949
4086	936
4087	903
4088	763
4089	932
4090	772
4091	892
4092	725
4093	964
4094	784
4095	816
4096	653
4097	901
4098	741
4099	1012
4100	903
4101	753
4102	748
4103	831
4104	931
4105	769
4106	989
4107	804
4108	1186
4109	994
4110	994
4111	845
4112	821
4113	903
4114	798
4115	867
4116	826
4117	917
4118	1040
4119	924
4120	973
4121	1123
4122	736
4123	870
4124	806
4125	1018
4126	795
4127	839
4128	824
4129	943
4130	952
4131	662
4132	886
4133	956
4134	846
4135	781
4136	825
4137	746
4138	915
4139	1085
4140	870
4141	812
4142	864
4143	1267
4144	839
4145	784
4146	869
4147	891
4148	974
4149	839
4150	792
4151	843
4152	884
4153	688
4154	868
4155	942
4156	745
4157	836
4158	896
4159	677
4160	666
4161	790
4162	965
4163	1013
4164	944
4165	905
4166	773
4167	1117
4168	1067
4169	1087
4170	897
4171	815
4172	881
4173	692
4174	1213
4175	774
4176	788
4177	1117
4178	1001
4179	908
4180	797
4181	803
4182	795
4183	1213
4184	766
4185	1073
4186	763
4187	885
4188	828
4189	752
4190	872
4191	858
4192	978
4193	897
4194	958
4195	808
4196	958
4197	838
4198	860
4199	925
4200	836
4201	777
4202	797
4203	968
4204	913
4205	808
4206	816
4207	863
4208	949
4209	891
4210	845
4211	975
4212	748
4213	1055
4214	837
4215	801
4216	813
4217	944
4218	798
4219	836
4220	843
4221	829
4222	852
4223	883
4224	987
4225	1190
4226	829
4227	986
4228	1075
4229	1112
4230	856
4231	989
4232	836
4233	811
4234	748
4235	802
4236	749
4237	1140
4238	1219
4239	906
4240	857
4241	895
4242	648
4243	920
4244	994
4245	972
4246	854
4247	728
4248	871
4249	934
4250	894
4251	735
4252	818
4253	1253
4254	819
4255	755
4256	994
4257	838
4258	723
4259	799
4260	735
4261	871
4262	879
4263	798
4264	1009
4265	664
4266	846
4267	852
4268	950
4269	969
4270	706
4271	1030
4272	1097
4273	1194
4274	880
4275	759
4276	993
4277	899
4278	832
4279	821
4280	1229
4281	762
4282	706
4283	918
4284	1208
4285	847
4286	782
4287	918
4288	856
4289	724
4290	846
4291	1212
4292	873
4293	775
4294	951
4295	854
4296	843
4297	801
4298	673
4299	743
4300	920
4301	745
4302	967
4303	892
4304	1056
4305	830
4306	892
4307	760
4308	1000
4309	985
4310	668
4311	934
4312	757
4313	773
4314	934
4315	789
4316	915
4317	784
4318	991
4319	774
4320	848
4321	758
4322	723
4323	1016
4324	816
4325	1028
4326	829
4327	1263
4328	747
4329	982
4330	860
4331	723
4332	829
4333	998
4334	751
4335	933
4336	1010
4337	773
4338	952
4339	1116
4340	828
4341	852
4342	778
4343	1070
4344	777
4345	924
4346	768
4347	755
4348	941
4349	873
4350	1253
4351	785
4352	841
4353	962
4354	886
4355	807
4356	973
4357	1355
4358	1020
4359	835
4360	754
4361	843
4362	1160
4363	781
4364	834
4365	743
4366	1070
4367	804
4368	870
4369	775
4370	934
4371	904
4372	975
4373	1052
4374	740
4375	870
4376	942
4377	891
4378	892
4379	981
4380	948
4381	743
4382	706
4383	956
4384	1025
4385	729
4386	897
4387	820
4388	926
4389	931
4390	704
4391	784
4392	835
4393	857
4394	1034
4395	853
4396	894
4397	885
4398	848
4399	801
4400	816
4401	962
4402	864
4403	879
4404	989
4405	901
4406	1047
4407	733
4408	959
4409	1061
4410	922
4411	793
4412	761
4413	998
4414	1111
4415	861
4416	942
4417	733
4418	893
4419	839
4420	709
4421	846
4422	823
4423	886
4424	913
4425	981
4426	719
4427	1025
4428	871
4429	811
4430	733
4431	885
4432	848
4433	906
4434	1229
4435	760
4436	917
4437	822
4438	1007
4439	965
4440	1074
4441	837
4442	931
4443	886
4444	688
4445	779
4446	911
4447	890
4448	1152
4449	819
4450	811
4451	878
4452	784
4453	868
4454	718
4455	878
4456	1112
4457	892
4458	824
4459	905
4460	1005
4461	724
4462	982
4463	1006
4464	789
4465	985
4466	937
4467	787
4468	922
4469	817
4470	1015
4471	769
4472	837
4473	875
4474	952
4475	952
4476	900
4477	725
4478	1007
4479	1055
4480	943
4481	908
4482	760
4483	1170
4484	835
4485	1101
4486	913
4487	866
4488	890
4489	1037
4490	702
4491	773
4492	1161
4493	889
4494	803
4495	1002
4496	894
4497	802
4498	786
4499	703
4500	854
4501	925
4502	808
4503	869
4504	712
4505	766
4506	788
4507	907
4508	786
4509	734
4510	1033
4511	775
4512	1000
4513	1324
4514	1151
4515	699
4516	701
4517	1054
4518	795
4519	952
4520	915
4521	795
4522	1193
4523	747
4524	886
4525	1074
4526	936
4527	923
4528	815
4529	842
4530	1003
4531	811
4532	987
4533	925
4534	847
4535	875
4536	881
4537	994
4538	800
4539	662
4540	1437
4541	1003
4542	842
4543	713
4544	865
4545	832
4546	893
4547	1129
4548	905
4549	917
4550	990
4551	764
4552	1048
4553	920
4554	894
4555	844
4556	923
4557	798
4558	806
4559	690
4560	757
4561	879
4562	684
4563	995
4564	1090
4565	1016
4566	858
4567	742
4568	1004
4569	990
4570	820
4571	758
4572	924
4573	905
4574	891
4575	933
4576	1092
4577	742
4578	940
4579	992
4580	774
4581	982
4582	886
4583	896
4584	800
4585	955
4586	833
4587	846
4588	850
4589	723
4590	1004
4591	963
4592	879
4593	730
4594	857
4595	755
4596	1035
4597	742
4598	988
4599	861
4600	892
4601	737
4602	804
4603	856
4604	716
4605	815
4606	724
4607	752
4608	943
4609	835
4610	852
4611	989
4612	650
4613	861
4614	908
4615	1067
4616	786
4617	1056
4618	681
4619	933
4620	839
4621	820
4622	1059
4623	793
4624	976
4625	920
4626	1001
4627	808
4628	865
4629	761
4630	830
4631	801
4632	919
4633	818
4634	692
4635	1017
4636	1080
4637	838
4638	828
4639	1002
4640	778
4641	928
4642	669
4643	998
4644	1195
4645	826
4646	937
4647	786
4648	1055
4649	950
4650	905
4651	1606
4652	957
4653	1119
4654	954
4655	880
4656	864
4657	824
4658	784
4659	836
4660	834
4661	2143
4662	845
4663	893
4664	850
4665	1111
4666	822
4667	793
4668	885
4669	834
4670	778
4671	830
4672	798
4673	923
4674	1103
4675	747
4676	1164
4677	718
4678	760
4679	876
4680	1012
4681	1061
4682	970
4683	1227
4684	973
4685	785
4686	691
4687	1011
4688	774
4689	995
4690	864
4691	801
4692	880
4693	784
4694	711
4695	803
4696	740
4697	780
4698	855
4699	840
4700	1066
4701	1025
4702	930
4703	1264
4704	902
4705	802
4706	809
4707	845
4708	843
4709	790
4710	960
4711	967
4712	808
4713	882
4714	984
4715	874
4716	964
4717	1124
4718	836
4719	778
4720	767
4721	961
4722	1205
4723	1115
4724	929
4725	908
4726	853
4727	1078
4728	1015
4729	830
4730	845
4731	928
4732	947
4733	877
4734	734
4735	939
4736	804
4737	922
4738	802
4739	1006
4740	881
4741	950
4742	879
4743	803
4744	767
4745	1042
4746	908
4747	1013
4748	907
4749	861
4750	929
4751	689
4752	737
4753	723
4754	740
4755	1208
4756	952
4757	883
4758	995
4759	1058
4760	803
4761	669
4762	914
4763	856
4764	666
4765	983
4766	861
4767	816
4768	806
4769	768
4770	906
4771	1168
4772	791
4773	1102
4774	974
4775	841
4776	972
4777	805
4778	1080
4779	973
4780	830
4781	748
4782	853
4783	946
4784	990
4785	1087
4786	1426
4787	929
4788	865
4789	869
4790	794
4791	826
4792	733
4793	1032
4794	955
4795	847
4796	913
4797	692
4798	693
4799	898
4800	756
4801	812
4802	1179
4803	1178
4804	718
4805	929
4806	1016
4807	891
4808	1078
4809	889
4810	872
4811	735
4812	1110
4813	950
4814	790
4815	1019
4816	864
4817	750
4818	857
4819	902
4820	1094
4821	766
4822	816
4823	710
4824	867
4825	736
4826	811
4827	904
4828	739
4829	634
4830	934
4831	792
4832	896
4833	918
4834	938
4835	862
4836	718
4837	820
4838	956
4839	882
4840	872
4841	1312
4842	883
4843	889
4844	864
4845	852
4846	671
4847	881
4848	739
4849	1092
4850	965
4851	1114
4852	777
4853	835
4854	876
4855	873
4856	1069
4857	871
4858	733
4859	961
4860	905
4861	761
4862	693
4863	902
4864	727
4865	967
4866	988
4867	725
4868	908
4869	941
4870	1220
4871	875
4872	912
4873	975
4874	904
4875	774
4876	839
4877	870
4878	944
4879	913
4880	907
4881	1018
4882	710
4883	912
4884	802
4885	892
4886	859
4887	761
4888	686
4889	920
4890	882
4891	1116
4892	726
4893	814
4894	916
4895	756
4896	788
4897	1124
4898	1035
4899	941
4900	1093
4901	952
4902	927
4903	760
4904	879
4905	905
4906	833
4907	1037
4908	787
4909	846
4910	880
4911	867
4912	1118
4913	804
4914	856
4915	763
4916	900
4917	711
4918	871
4919	1250
4920	950
4921	751
4922	908
4923	696
4924	1024
4925	816
4926	1041
4927	832
4928	1475
4929	837
4930	678
4931	834
4932	735
4933	713
4934	909
4935	928
4936	903
4937	791
4938	832
4939	729
4940	946
4941	787
4942	1056
4943	921
4944	978
4945	751
4946	942
4947	1260
4948	796
4949	919
4950	779
4951	1284
4952	1036
4953	954
4954	920
4955	820
4956	746
4957	836
4958	737
4959	1207
4960	1034
4961	953
4962	940
4963	1218
4964	886
4965	744
4966	1079
4967	831
4968	757
4969	838
4970	730
4971	926
4972	932
4973	906
4974	831
4975	1008
4976	817
4977	817
4978	797
4979	744
4980	731
4981	823
4982	895
4983	1099
4984	663
4985	845
4986	858
4987	1077
4988	824
4989	970
4990	792
4991	962
4992	724
4993	892
4994	725
4995	867
4996	1174
4997	956
4998	819
4999	688
5000	966
5001	1020
5002	759
5003	923
5004	1158
5005	942
5006	841
5007	665
5008	917
5009	1041
5010	744
5011	798
5012	886
5013	857
5014	1099
5015	881
5016	796
5017	956
5018	710
5019	952
5020	788
5021	839
5022	931
5023	914
5024	869
5025	895
5026	671
5027	895
5028	737
5029	998
5030	953
5031	1053
5032	766
5033	819
5034	934
5035	997
5036	920
5037	839
5038	877
5039	868
5040	836
5041	982
5042	896
5043	969
5044	1001
5045	1060
5046	773
5047	903
5048	831
5049	844
5050	868
5051	1134
5052	661
5053	927
5054	720
5055	675
5056	969
5057	736
5058	977
5059	1034
5060	909
5061	804
5062	959
5063	1025
5064	1212
5065	1100
5066	981
5067	1272
5068	856
5069	731
5070	823
5071	779
5072	817
5073	1129
5074	1067
5075	779
5076	839
5077	951
5078	881
5079	1023
5080	1075
5081	774
5082	1007
5083	921
5084	882
5085	826
5086	893
5087	1034
5088	1066
5089	893
5090	1155
5091	965
5092	1066
5093	1010
5094	757
5095	840
5096	935
5097	1148
5098	926
5099	1043
5100	854
5101	746
5102	991
5103	1022
5104	979
5105	969
5106	916
5107	1184
5108	815
5109	931
5110	933
5111	966
5112	749
5113	854
5114	1244
5115	912
5116	1052
5117	1008
5118	944
5119	840
5120	835
5121	758
5122	676
5123	1049
5124	954
5125	1131
5126	1261
5127	1376
5128	869
5129	815
5130	826
5131	863
5132	901
5133	848
5134	1077
5135	768
5136	867
5137	862
5138	810
5139	835
5140	819
5141	744
5142	829
5143	1049
5144	932
5145	860
5146	981
5147	921
5148	861
5149	749
5150	789
5151	1159
5152	978
5153	842
5154	839
5155	721
5156	1045
5157	1069
5158	835
5159	939
5160	751
5161	816
5162	904
5163	803
5164	763
5165	993
5166	762
5167	715
5168	945
5169	755
5170	907
5171	726
5172	755
5173	1110
5174	879
5175	775
5176	1064
5177	744
5178	974
5179	1074
5180	776
5181	725
5182	899
5183	857
5184	989
5185	784
5186	877
5187	861
5188	728
5189	933
5190	885
5191	776
5192	1110
5193	1010
5194	875
5195	944
5196	1002
5197	821
5198	833
5199	929
5200	997
5201	837
5202	835
5203	985
5204	946
5205	822
5206	910
5207	832
5208	948
5209	748
5210	926
5211	1042
5212	941
5213	863
5214	777
5215	913
5216	910
5217	786
5218	904
5219	858
5220	708
5221	1000
5222	1038
5223	1088
5224	918
5225	942
5226	979
5227	861
5228	755
5229	1088
5230	1004
5231	834
5232	725
5233	811
5234	871
5235	915
5236	914
5237	795
5238	810
5239	981
5240	820
5241	745
5242	863
5243	1008
5244	853
5245	692
5246	844
5247	719
5248	803
5249	796
5250	752
5251	636
5252	651
5253	938
5254	929
5255	996
5256	815
5257	787
5258	844
5259	824
5260	763
5261	921
5262	838
5263	805
5264	867
5265	847
5266	857
5267	936
5268	834
5269	853
5270	916
5271	771
5272	1027
5273	912
5274	924
5275	952
5276	902
5277	1165
5278	1107
5279	939
5280	932
5281	1067
5282	962
5283	976
5284	971
5285	1074
5286	946
5287	677
5288	844
5289	1015
5290	935
5291	739
5292	819
5293	907
5294	1070
5295	965
5296	824
5297	845
5298	812
5299	835
5300	723
5301	795
5302	715
5303	687
5304	833
5305	979
5306	1054
5307	689
5308	793
5309	890
5310	922
5311	913
5312	1009
5313	1108
5314	1015
5315	773
5316	1019
5317	1035
5318	790
5319	1215
5320	729
5321	711
5322	1153
5323	935
5324	767
5325	804
5326	821
5327	806
5328	1084
5329	925
5330	867
5331	960
5332	901
5333	909
5334	755
5335	684
5336	1064
5337	1192
5338	763
5339	959
5340	754
5341	1139
5342	1094
5343	933
5344	772
5345	806
5346	851
5347	795
5348	701
5349	1235
5350	854
5351	881
5352	1087
5353	968
5354	868
5355	889
5356	1024
5357	968
5358	923
5359	757
5360	846
5361	868
5362	768
5363	654
5364	1094
5365	903
5366	993
5367	967
5368	732
5369	827
5370	826
5371	672
5372	1304
5373	946
5374	992
5375	784
5376	1070
5377	854
5378	810
5379	965
5380	927
5381	868
5382	851
5383	1019
5384	1054
5385	954
5386	1025
5387	888
5388	955
5389	776
5390	757
5391	995
5392	1069
5393	835
5394	978
5395	858
5396	787
5397	911
5398	824
5399	931
5400	1092
5401	765
5402	904
5403	823
5404	913
5405	1123
5406	1085
5407	939
5408	863
5409	949
5410	816
5411	1097
5412	864
5413	1086
5414	1038
5415	996
5416	1098
5417	666
5418	1087
5419	758
5420	832
5421	869
5422	828
5423	736
5424	842
5425	906
5426	963
5427	787
5428	866
5429	805
5430	1245
5431	933
5432	1188
5433	972
5434	749
5435	852
5436	874
5437	1101
5438	900
5439	860
5440	816
5441	946
5442	784
5443	839
5444	825
5445	856
5446	795
5447	849
5448	820
5449	1039
5450	935
5451	1001
5452	1300
5453	938
5454	773
5455	1039
5456	1111
5457	666
5458	761
5459	736
5460	1033
5461	850
5462	910
5463	844
5464	1182
5465	732
5466	771
5467	1225
5468	951
5469	1170
5470	1004
5471	889
5472	798
5473	1255
5474	972
5475	910
5476	861
5477	888
5478	843
5479	1053
5480	991
5481	1032
5482	969
5483	807
5484	997
5485	838
5486	955
5487	844
5488	1037
5489	792
5490	796
5491	713
5492	935
5493	916
5494	1107
5495	932
5496	938
5497	1031
5498	960
5499	840
5500	766
5501	940
5502	705
5503	1078
5504	880
5505	967
5506	932
5507	878
5508	997
5509	1123
5510	813
5511	1049
5512	834
5513	837
5514	927
5515	1153
5516	869
5517	890
5518	1084
5519	1080
5520	843
5521	1001
5522	741
5523	1387
5524	777
5525	818
5526	957
5527	777
5528	1006
5529	921
5530	749
5531	802
5532	1067
5533	833
5534	724
5535	845
5536	724
5537	868
5538	791
5539	889
5540	876
5541	799
5542	778
5543	812
5544	876
5545	663
5546	954
5547	891
5548	818
5549	839
5550	829
5551	757
5552	881
5553	771
5554	905
5555	858
5556	957
5557	842
5558	783
5559	1005
5560	892
5561	906
5562	1011
5563	947
5564	932
5565	977
5566	908
5567	665
5568	890
5569	830
5570	879
5571	754
5572	769
5573	847
5574	993
5575	866
5576	998
5577	870
5578	845
5579	869
5580	1268
5581	803
5582	735
5583	751
5584	949
5585	1063
5586	991
5587	696
5588	996
5589	818
5590	1537
5591	776
5592	790
5593	966
5594	904
5595	868
5596	721
5597	1010
5598	985
5599	953
5600	829
5601	836
5602	913
5603	821
5604	917
5605	898
5606	837
5607	1032
5608	810
5609	1263
5610	935
5611	954
5612	1043
5613	806
5614	1006
5615	768
5616	889
5617	963
5618	983
5619	857
5620	829
5621	981
5622	1136
5623	794
5624	1272
5625	975
5626	804
5627	841
5628	704
5629	993
5630	710
5631	779
5632	849
5633	842
5634	799
5635	1385
5636	855
5637	917
5638	911
5639	724
5640	818
5641	917
5642	961
5643	936
5644	767
5645	1152
5646	936
5647	757
5648	902
5649	843
5650	755
5651	938
5652	995
5653	845
5654	854
5655	1199
5656	1080
5657	672
5658	822
5659	897
5660	919
5661	959
5662	1099
5663	829
5664	888
5665	1096
5666	787
5667	845
5668	1003
5669	848
5670	1043
5671	778
5672	912
5673	812
5674	1029
5675	948
5676	877
5677	715
5678	861
5679	1013
5680	789
5681	834
5682	846
5683	827
5684	991
5685	883
5686	969
5687	997
5688	800
5689	783
5690	672
5691	822
5692	1063
5693	759
5694	813
5695	911
5696	875
5697	1034
5698	865
5699	962
5700	919
5701	823
5702	837
5703	707
5704	1248
5705	1063
5706	1001
5707	817
5708	862
5709	777
5710	1167
5711	1059
5712	859
5713	844
5714	846
5715	945
5716	994
5717	776
5718	931
5719	1015
5720	905
5721	1246
5722	833
5723	759
5724	895
5725	724
5726	942
5727	870
5728	769
5729	842
5730	770
5731	834
5732	1012
5733	737
5734	863
5735	694
5736	828
5737	904
5738	708
5739	1076
5740	835
5741	972
5742	930
5743	846
5744	849
5745	1091
5746	913
5747	919
5748	950
5749	1012
5750	1019
5751	1100
5752	828
5753	725
5754	1064
5755	800
5756	981
5757	1200
5758	1167
5759	818
5760	934
5761	823
5762	913
5763	904
5764	986
5765	995
5766	842
5767	883
5768	751
5769	772
5770	952
5771	798
5772	954
5773	1011
5774	1014
5775	933
5776	1030
5777	934
5778	896
5779	876
5780	867
5781	775
5782	886
5783	946
5784	1333
5785	798
5786	884
5787	945
5788	756
5789	874
5790	1109
5791	866
5792	846
5793	1090
5794	853
5795	1392
5796	925
5797	788
5798	941
5799	893
5800	940
5801	1143
5802	754
5803	652
5804	972
5805	956
5806	881
5807	1064
5808	903
5809	723
5810	943
5811	1026
5812	922
5813	1123
5814	1027
5815	788
5816	946
5817	738
5818	918
5819	863
5820	918
5821	951
5822	1145
5823	779
5824	1075
5825	695
5826	885
5827	671
5828	661
5829	1057
5830	855
5831	932
5832	711
5833	833
5834	984
5835	862
5836	754
5837	1167
5838	754
5839	1034
5840	779
5841	1002
5842	1059
5843	795
5844	979
5845	781
5846	948
5847	1048
5848	1100
5849	847
5850	777
5851	1423
5852	911
5853	776
5854	907
5855	855
5856	927
5857	912
5858	871
5859	964
5860	875
5861	761
5862	942
5863	1029
5864	898
5865	805
5866	1245
5867	747
5868	908
5869	625
5870	731
5871	903
5872	922
5873	1007
5874	1125
5875	1091
5876	762
5877	924
5878	934
5879	917
5880	881
5881	1025
5882	811
5883	739
5884	983
5885	826
5886	864
5887	962
5888	852
5889	1012
5890	862
5891	783
5892	901
5893	941
5894	927
5895	896
5896	707
5897	748
5898	869
5899	829
5900	767
5901	809
5902	746
5903	925
5904	948
5905	1128
5906	825
5907	904
5908	780
5909	822
5910	1016
5911	848
5912	834
5913	887
5914	691
5915	811
5916	1002
5917	1152
5918	809
5919	764
5920	796
5921	1019
5922	917
5923	695
5924	955
5925	863
5926	1083
5927	818
5928	792
5929	824
5930	924
5931	984
5932	857
5933	836
5934	990
5935	1058
5936	871
5937	964
5938	838
5939	874
5940	725
5941	926
5942	885
5943	1128
5944	1205
5945	825
5946	975
5947	1104
5948	947
5949	767
5950	947
5951	829
5952	1077
5953	689
5954	1071
5955	1139
5956	802
5957	994
5958	756
5959	817
5960	813
5961	783
5962	1039
5963	807
5964	919
5965	939
5966	1150
5967	913
5968	824
5969	937
5970	984
5971	872
5972	716
5973	835
5974	914
5975	908
5976	929
5977	735
5978	821
5979	832
5980	989
5981	921
5982	1039
5983	720
5984	638
5985	687
5986	907
5987	816
5988	941
5989	829
5990	811
5991	852
5992	1091
5993	859
5994	939
5995	860
5996	985
5997	1005
5998	925
5999	801
6000	885
6001	926
6002	859
6003	1172
6004	702
6005	699
6006	1114
6007	878
6008	915
6009	841
6010	961
6011	864
6012	797
6013	722
6014	836
6015	880
6016	772
6017	783
6018	876
6019	1157
6020	968
6021	1043
6022	947
6023	971
6024	897
6025	742
6026	873
6027	644
6028	861
6029	776
6030	728
6031	904
6032	834
6033	1253
6034	1056
6035	947
6036	871
6037	954
6038	930
6039	954
6040	846
6041	1138
6042	885
6043	805
6044	1119
6045	879
6046	813
6047	866
6048	827
6049	799
6050	1037
6051	862
6052	1153
6053	1067
6054	885
6055	967
6056	829
6057	959
6058	834
6059	734
6060	917
6061	875
6062	820
6063	1005
6064	839
6065	1264
6066	852
6067	818
6068	1035
6069	1130
6070	1125
6071	1072
6072	963
6073	907
6074	860
6075	901
6076	967
6077	963
6078	980
6079	909
6080	935
6081	674
6082	779
6083	841
6084	862
6085	813
6086	883
6087	828
6088	998
6089	835
6090	1112
6091	863
6092	895
6093	782
6094	884
6095	1022
6096	921
6097	1014
6098	1059
6099	752
6100	883
6101	1063
6102	984
6103	993
6104	959
6105	853
6106	982
6107	871
6108	719
6109	936
6110	903
6111	842
6112	911
6113	741
6114	816
6115	922
6116	1030
6117	1084
6118	910
6119	851
6120	1097
6121	902
6122	1282
6123	755
6124	1178
6125	868
6126	918
6127	736
6128	826
6129	1000
6130	1052
6131	1129
6132	801
6133	968
6134	956
6135	745
6136	1121
6137	831
6138	920
6139	888
6140	826
6141	901
6142	1160
6143	795
6144	995
6145	727
6146	810
6147	805
6148	799
6149	869
6150	763
6151	860
6152	761
6153	862
6154	920
6155	805
6156	907
6157	942
6158	751
6159	1022
6160	999
6161	849
6162	915
6163	765
6164	710
6165	846
6166	647
6167	859
6168	1192
6169	795
6170	849
6171	873
6172	921
6173	1158
6174	1223
6175	938
6176	1346
6177	1452
6178	766
6179	845
6180	746
6181	822
6182	724
6183	957
6184	1034
6185	844
6186	1001
6187	1053
6188	821
6189	1101
6190	807
6191	938
6192	797
6193	801
6194	890
6195	1070
6196	836
6197	794
6198	1013
6199	1274
6200	798
6201	797
6202	999
6203	781
6204	907
6205	961
6206	838
6207	919
6208	706
6209	867
6210	976
6211	749
6212	901
6213	824
6214	767
6215	845
6216	946
6217	753
6218	904
6219	1112
6220	776
6221	657
6222	936
6223	820
6224	997
6225	791
6226	904
6227	993
6228	771
6229	892
6230	666
6231	824
6232	793
6233	862
6234	878
6235	886
6236	741
6237	902
6238	1130
6239	754
6240	1157
6241	1081
6242	836
6243	1020
6244	1163
6245	947
6246	888
6247	875
6248	805
6249	940
6250	893
6251	784
6252	1020
6253	831
6254	804
6255	856
6256	881
6257	792
6258	978
6259	951
6260	1203
6261	857
6262	772
6263	844
6264	904
6265	822
6266	926
6267	797
6268	716
6269	879
6270	866
6271	1054
6272	1066
6273	700
6274	1346
6275	798
6276	881
6277	908
6278	909
6279	1113
6280	810
6281	1059
6282	987
6283	858
6284	866
6285	809
6286	1041
6287	869
6288	851
6289	943
6290	1170
6291	1310
6292	1124
6293	883
6294	942
6295	846
6296	801
6297	1099
6298	907
6299	1044
6300	853
6301	749
6302	812
6303	868
6304	780
6305	1007
6306	768
6307	911
6308	1077
6309	855
6310	733
6311	843
6312	1029
6313	1120
6314	907
6315	934
6316	1048
6317	849
6318	780
6319	925
6320	791
6321	1220
6322	786
6323	698
6324	1007
6325	1012
6326	1118
6327	937
6328	867
6329	923
6330	1776
6331	967
6332	805
6333	983
6334	854
6335	744
6336	1057
6337	1026
6338	781
6339	946
6340	897
6341	721
6342	848
6343	960
6344	825
6345	823
6346	1012
6347	931
6348	1356
6349	1093
6350	838
6351	1081
6352	1152
6353	969
6354	802
6355	737
6356	865
6357	755
6358	1213
6359	831
6360	667
6361	808
6362	1087
6363	854
6364	917
6365	1156
6366	787
6367	934
6368	997
6369	1375
6370	1199
6371	971
6372	784
6373	795
6374	904
6375	739
6376	949
6377	924
6378	948
6379	706
6380	870
6381	866
6382	1035
6383	958
6384	1163
6385	946
6386	941
6387	892
6388	939
6389	880
6390	741
6391	859
6392	936
6393	889
6394	915
6395	932
6396	974
6397	940
6398	977
6399	756
6400	966
6401	1105
6402	838
6403	758
6404	888
6405	1012
6406	779
6407	946
6408	803
6409	794
6410	821
6411	891
6412	1027
6413	903
6414	787
6415	980
6416	760
6417	1054
6418	837
6419	790
6420	896
6421	759
6422	796
6423	807
6424	804
6425	938
6426	1123
6427	697
6428	775
6429	1044
6430	871
6431	903
6432	862
6433	926
6434	768
6435	700
6436	1005
6437	948
6438	848
6439	1188
6440	1065
6441	986
6442	997
6443	1039
6444	1046
6445	755
6446	927
6447	864
6448	777
6449	951
6450	934
6451	710
6452	747
6453	852
6454	887
6455	927
6456	793
6457	857
6458	898
6459	697
6460	870
6461	814
6462	759
6463	897
6464	982
6465	1026
6466	977
6467	687
6468	743
6469	841
6470	926
6471	784
6472	931
6473	752
6474	728
6475	770
6476	746
6477	816
6478	869
6479	912
6480	1111
6481	879
6482	788
6483	959
6484	747
6485	1007
6486	721
6487	1023
6488	772
6489	831
6490	1159
6491	842
6492	829
6493	801
6494	871
6495	802
6496	786
6497	705
6498	951
6499	861
6500	860
6501	1307
6502	679
6503	725
6504	1120
6505	909
6506	835
6507	689
6508	785
6509	1097
6510	1078
6511	801
6512	831
6513	1054
6514	1092
6515	1080
6516	655
6517	979
6518	1037
6519	791
6520	909
6521	855
6522	905
6523	855
6524	874
6525	1183
6526	933
6527	800
6528	871
6529	858
6530	1027
6531	1012
6532	957
6533	840
6534	774
6535	717
6536	884
6537	801
6538	998
6539	1349
6540	791
6541	879
6542	955
6543	1081
6544	775
6545	1105
6546	740
6547	829
6548	891
6549	1003
6550	1288
6551	991
6552	794
6553	777
6554	1033
6555	998
6556	749
6557	901
6558	822
6559	938
6560	751
6561	872
6562	1007
6563	984
6564	800
6565	745
6566	886
6567	820
6568	749
6569	983
6570	860
6571	806
6572	925
6573	831
6574	838
6575	893
6576	1041
6577	834
6578	806
6579	662
6580	1164
6581	862
6582	731
6583	915
6584	903
6585	998
6586	772
6587	845
6588	921
6589	843
6590	1121
6591	781
6592	976
6593	1001
6594	1048
6595	831
6596	859
6597	835
6598	860
6599	885
6600	758
6601	973
6602	895
6603	866
6604	995
6605	813
6606	790
6607	783
6608	918
6609	881
6610	1023
6611	899
6612	911
6613	984
6614	1260
6615	951
6616	900
6617	961
6618	751
6619	876
6620	812
6621	921
6622	877
6623	900
6624	807
6625	865
6626	779
6627	1262
6628	945
6629	899
6630	894
6631	831
6632	727
6633	845
6634	819
6635	917
6636	728
6637	1097
6638	840
6639	1008
6640	1124
6641	827
6642	770
6643	820
6644	997
6645	875
6646	1093
6647	967
6648	969
6649	874
6650	1054
6651	1078
6652	866
6653	762
6654	870
6655	985
6656	721
6657	957
6658	793
6659	770
6660	733
6661	763
6662	766
6663	971
6664	864
6665	753
6666	845
6667	772
6668	965
6669	843
6670	770
6671	1144
6672	1159
6673	968
6674	944
6675	803
6676	1184
6677	801
6678	757
6679	887
6680	924
6681	835
6682	819
6683	1095
6684	898
6685	1062
6686	759
6687	936
6688	806
6689	997
6690	819
6691	1004
6692	1008
6693	940
6694	1002
6695	856
6696	832
6697	706
6698	1025
6699	945
6700	875
6701	939
6702	982
6703	866
6704	873
6705	952
6706	924
6707	757
6708	924
6709	831
6710	1067
6711	994
6712	908
6713	956
6714	921
6715	850
6716	1069
6717	1145
6718	763
6719	886
6720	877
6721	903
6722	898
6723	817
6724	934
6725	919
6726	925
6727	810
6728	951
6729	1045
6730	860
6731	846
6732	918
6733	892
6734	714
6735	1058
6736	843
6737	980
6738	830
6739	909
6740	873
6741	832
6742	930
6743	807
6744	881
6745	855
6746	939
6747	1091
6748	1347
6749	906
6750	834
6751	1008
6752	813
6753	898
6754	1107
6755	882
6756	1096
6757	904
6758	770
6759	997
6760	950
6761	756
6762	750
6763	907
6764	833
6765	740
6766	876
6767	932
6768	749
6769	946
6770	861
6771	856
6772	820
6773	866
6774	1089
6775	1121
6776	715
6777	942
6778	924
6779	912
6780	837
6781	828
6782	1191
6783	833
6784	1052
6785	804
6786	837
6787	896
6788	971
6789	842
6790	779
6791	770
6792	1014
6793	1010
6794	1046
6795	732
6796	671
6797	1015
6798	759
6799	727
6800	977
6801	716
6802	755
6803	1083
6804	726
6805	824
6806	931
6807	841
6808	1261
6809	865
6810	835
6811	677
6812	1076
6813	926
6814	793
6815	800
6816	801
6817	876
6818	885
6819	863
6820	868
6821	1247
6822	709
6823	862
6824	1193
6825	1033
6826	893
6827	924
6828	705
6829	879
6830	804
6831	904
6832	780
6833	853
6834	1028
6835	906
6836	788
6837	1080
6838	939
6839	767
6840	841
6841	867
6842	1119
6843	763
6844	1053
6845	785
6846	1076
6847	865
6848	888
6849	899
6850	731
6851	820
6852	906
6853	1107
6854	929
6855	1108
6856	890
6857	757
6858	877
6859	879
6860	759
6861	759
6862	728
6863	1175
6864	1177
6865	884
6866	1020
6867	937
6868	851
6869	841
6870	885
6871	735
6872	885
6873	931
6874	1067
6875	733
6876	995
6877	809
6878	1223
6879	900
6880	927
6881	917
6882	833
6883	953
6884	731
6885	1046
6886	737
6887	816
6888	1269
6889	804
6890	894
6891	919
6892	914
6893	820
6894	1090
6895	857
6896	1077
6897	993
6898	949
6899	897
6900	1023
6901	1130
6902	1689
6903	811
6904	826
6905	843
6906	811
6907	823
6908	1093
6909	828
6910	746
6911	1083
6912	903
6913	1254
6914	899
6915	1214
6916	943
6917	708
6918	725
6919	676
6920	933
6921	944
6922	861
6923	873
6924	811
6925	735
6926	1089
6927	851
6928	891
6929	1251
6930	1193
6931	1019
6932	826
6933	883
6934	1040
6935	865
6936	816
6937	867
6938	1060
6939	815
6940	794
6941	889
6942	677
6943	744
6944	969
6945	880
6946	857
6947	1051
6948	873
6949	950
6950	836
6951	874
6952	987
6953	747
6954	938
6955	751
6956	858
6957	977
6958	958
6959	851
6960	1018
6961	829
6962	859
6963	850
6964	1165
6965	864
6966	1008
6967	685
6968	976
6969	801
6970	927
6971	739
6972	988
6973	859
6974	675
6975	755
6976	810
6977	1088
6978	919
6979	1006
6980	862
6981	730
6982	927
6983	769
6984	1154
6985	846
6986	1148
6987	1120
6988	803
6989	918
6990	899
6991	931
6992	750
6993	863
6994	951
6995	934
6996	1050
6997	927
6998	850
6999	934
7000	931
7001	748
7002	744
7003	806
7004	1136
7005	1030
7006	892
7007	728
7008	1042
7009	822
7010	751
7011	1048
7012	899
7013	700
7014	1056
7015	1216
7016	728
7017	972
7018	766
7019	1317
7020	944
7021	836
7022	806
7023	825
7024	716
7025	837
7026	844
7027	896
7028	805
7029	797
7030	828
7031	923
7032	729
7033	1240
7034	913
7035	1019
7036	909
7037	941
7038	1050
7039	829
7040	788
7041	867
7042	1071
7043	1157
7044	697
7045	1025
7046	749
7047	981
7048	1047
7049	1030
7050	758
7051	817
7052	1044
7053	848
7054	869
7055	905
7056	950
7057	800
7058	888
7059	828
7060	840
7061	1006
7062	715
7063	768
7064	646
7065	927
7066	843
7067	1136
7068	841
7069	762
7070	812
7071	951
7072	869
7073	801
7074	847
7075	1010
7076	688
7077	711
7078	747
7079	984
7080	779
7081	744
7082	865
7083	1110
7084	869
7085	853
7086	1006
7087	984
7088	831
7089	1031
7090	842
7091	686
7092	935
7093	776
7094	785
7095	889
7096	828
7097	1269
7098	777
7099	800
7100	824
7101	911
7102	922
7103	903
7104	772
7105	798
7106	1074
7107	1072
7108	882
7109	851
7110	898
7111	848
7112	958
7113	782
7114	828
7115	1108
7116	949
7117	907
7118	730
7119	964
7120	1022
7121	930
7122	859
7123	1227
7124	1047
7125	910
7126	714
7127	899
7128	833
7129	1007
7130	898
7131	853
7132	944
7133	849
7134	725
7135	840
7136	1139
7137	816
7138	881
7139	917
7140	1017
7141	742
7142	874
7143	1147
7144	794
7145	1006
7146	828
7147	719
7148	927
7149	1060
7150	811
7151	918
7152	860
7153	950
7154	928
7155	843
7156	620
7157	734
7158	880
7159	878
7160	938
7161	907
7162	910
7163	759
7164	871
7165	923
7166	872
7167	923
7168	726
7169	741
7170	857
7171	968
7172	980
7173	951
7174	750
7175	1027
7176	834
7177	893
7178	840
7179	849
7180	740
7181	909
7182	919
7183	733
7184	871
7185	722
7186	1025
7187	1101
7188	917
7189	827
7190	870
7191	737
7192	688
7193	672
7194	820
7195	770
7196	741
7197	895
7198	923
7199	936
7200	842
7201	872
7202	831
7203	840
7204	846
7205	966
7206	841
7207	1017
7208	783
7209	1182
7210	914
7211	1112
7212	854
7213	991
7214	1140
7215	850
7216	840
7217	900
7218	967
7219	822
7220	889
7221	761
7222	813
7223	1130
7224	1233
7225	1064
7226	816
7227	868
7228	741
7229	943
7230	809
7231	1103
7232	783
7233	790
7234	865
7235	768
7236	1001
7237	714
7238	772
7239	1248
7240	751
7241	823
7242	962
7243	843
7244	701
7245	869
7246	814
7247	846
7248	1091
7249	1095
7250	758
7251	954
7252	1002
7253	982
7254	912
7255	852
7256	981
7257	935
7258	841
7259	1119
7260	735
7261	825
7262	957
7263	1040
7264	1108
7265	990
7266	971
7267	957
7268	801
7269	1000
7270	1054
7271	1047
7272	930
7273	908
7274	842
7275	981
7276	729
7277	941
7278	942
7279	1033
7280	939
7281	775
7282	857
7283	1074
7284	1047
7285	766
7286	903
7287	871
7288	1144
7289	1146
7290	932
7291	1195
7292	858
7293	764
7294	786
7295	707
7296	1047
7297	1210
7298	841
7299	887
7300	1008
7301	908
7302	1043
7303	873
7304	956
7305	801
7306	1172
7307	905
7308	769
7309	736
7310	893
7311	986
7312	753
7313	763
7314	888
7315	1114
7316	1081
7317	998
7318	807
7319	825
7320	827
7321	873
7322	1040
7323	954
7324	983
7325	890
7326	785
7327	1120
7328	914
7329	830
7330	1030
7331	817
7332	955
7333	753
7334	753
7335	909
7336	872
7337	910
7338	941
7339	991
7340	1003
7341	880
7342	1016
7343	822
7344	1168
7345	984
7346	1248
7347	886
7348	788
7349	952
7350	1109
7351	734
7352	913
7353	787
7354	719
7355	949
7356	835
7357	699
7358	877
7359	903
7360	878
7361	743
7362	1037
7363	891
7364	1022
7365	921
7366	1160
7367	907
7368	877
7369	797
7370	937
7371	1368
7372	1035
7373	888
7374	831
7375	836
7376	1082
7377	889
7378	780
7379	929
7380	1020
7381	706
7382	898
7383	849
7384	870
7385	1067
7386	793
7387	894
7388	890
7389	721
7390	880
7391	833
7392	814
7393	891
7394	959
7395	1023
7396	830
7397	950
7398	844
7399	771
7400	818
7401	943
7402	850
7403	751
7404	838
7405	740
7406	703
7407	908
7408	723
7409	816
7410	873
7411	1033
7412	762
7413	817
7414	983
7415	891
7416	904
7417	1002
7418	986
7419	820
7420	750
7421	1007
7422	735
7423	874
7424	1270
7425	854
7426	766
7427	998
7428	745
7429	1095
7430	917
7431	887
7432	908
7433	765
7434	929
7435	983
7436	1031
7437	1215
7438	811
7439	1011
7440	905
7441	833
7442	1204
7443	1029
7444	803
7445	811
7446	942
7447	743
7448	767
7449	656
7450	862
7451	929
7452	914
7453	1223
7454	823
7455	815
7456	728
7457	718
7458	935
7459	783
7460	1108
7461	981
7462	715
7463	874
7464	1081
7465	823
7466	859
7467	919
7468	1246
7469	924
7470	1011
7471	867
7472	919
7473	951
7474	888
7475	1012
7476	1230
7477	1045
7478	970
7479	1001
7480	876
7481	862
7482	787
7483	889
7484	812
7485	862
7486	757
7487	936
7488	978
7489	1135
7490	799
7491	1058
7492	768
7493	922
7494	891
7495	865
7496	910
7497	708
7498	803
7499	840
7500	1050
7501	771
7502	1013
7503	888
7504	1097
7505	984
7506	890
7507	685
7508	715
7509	636
7510	808
7511	1003
7512	862
7513	943
7514	1163
7515	897
7516	870
7517	897
7518	787
7519	897
7520	1157
7521	1022
7522	1011
7523	1142
7524	904
7525	905
7526	1020
7527	919
7528	1021
7529	955
7530	866
7531	830
7532	712
7533	855
7534	1046
7535	904
7536	878
7537	740
7538	813
7539	889
7540	838
7541	705
7542	889
7543	960
7544	975
7545	1012
7546	820
7547	1085
7548	1019
7549	635
7550	838
7551	956
7552	901
7553	857
7554	1077
7555	994
7556	880
7557	804
7558	981
7559	770
7560	899
7561	807
7562	924
7563	1114
7564	895
7565	831
7566	1132
7567	754
7568	879
7569	1177
7570	805
7571	963
7572	797
7573	865
7574	843
7575	956
7576	895
7577	759
7578	1025
7579	981
7580	962
7581	859
7582	786
7583	861
7584	769
7585	1052
7586	758
7587	809
7588	1073
7589	1053
7590	942
7591	741
7592	809
7593	857
7594	737
7595	1081
7596	713
7597	950
7598	971
7599	968
7600	867
7601	1056
7602	1015
7603	960
7604	830
7605	1146
7606	734
7607	753
7608	928
7609	952
7610	917
7611	944
7612	989
7613	703
7614	800
7615	1220
7616	1288
7617	1010
7618	873
7619	1142
7620	851
7621	831
7622	927
7623	655
7624	1154
7625	981
7626	816
7627	863
7628	890
7629	800
7630	886
7631	1046
7632	1026
7633	856
7634	1037
7635	766
7636	845
7637	862
7638	730
7639	953
7640	860
7641	705
7642	1117
7643	770
7644	855
7645	837
7646	1015
7647	1153
7648	782
7649	852
7650	724
7651	972
7652	949
7653	724
7654	1349
7655	927
7656	785
7657	965
7658	913
7659	790
7660	900
7661	847
7662	1344
7663	1184
7664	745
7665	1006
7666	847
7667	918
7668	1073
7669	838
7670	847
7671	867
7672	777
7673	909
7674	977
7675	962
7676	1035
7677	707
7678	941
7679	787
7680	863
7681	973
7682	919
7683	801
7684	788
7685	823
7686	937
7687	1130
7688	1120
7689	788
7690	899
7691	984
7692	713
7693	897
7694	794
7695	810
7696	1221
7697	702
7698	863
7699	898
7700	836
7701	920
7702	937
7703	1032
7704	820
7705	899
7706	854
7707	726
7708	662
7709	953
7710	800
7711	954
7712	868
7713	695
7714	772
7715	793
7716	866
7717	894
7718	754
7719	837
7720	1030
7721	733
7722	931
7723	1050
7724	1000
7725	963
7726	773
7727	1135
7728	853
7729	1101
7730	839
7731	1037
7732	1003
7733	785
7734	900
7735	1037
7736	821
7737	942
7738	1013
7739	972
7740	934
7741	939
7742	805
7743	1083
7744	852
7745	800
7746	819
7747	841
7748	752
7749	1028
7750	729
7751	891
7752	883
7753	848
7754	866
7755	754
7756	869
7757	988
7758	808
7759	965
7760	945
7761	729
7762	765
7763	977
7764	811
7765	780
7766	942
7767	741
7768	952
7769	860
7770	847
7771	893
7772	808
7773	959
7774	876
7775	650
7776	862
7777	764
7778	774
7779	1013
7780	889
7781	904
7782	897
7783	820
7784	960
7785	1052
7786	884
7787	772
7788	952
7789	846
7790	803
7791	979
7792	765
7793	978
7794	964
7795	889
7796	762
7797	1028
7798	736
7799	704
7800	1119
7801	1323
7802	955
7803	893
7804	1045
7805	736
7806	824
7807	748
7808	1197
7809	894
7810	828
7811	742
7812	876
7813	830
7814	825
7815	1280
7816	677
7817	970
7818	819
7819	898
7820	1027
7821	901
7822	822
7823	933
7824	1182
7825	725
7826	742
7827	796
7828	979
7829	919
7830	869
7831	909
7832	982
7833	1055
7834	961
7835	960
7836	750
7837	863
7838	911
7839	877
7840	759
7841	949
7842	923
7843	1004
7844	939
7845	642
7846	922
7847	1043
7848	939
7849	782
7850	822
7851	830
7852	737
7853	966
7854	959
7855	907
7856	863
7857	763
7858	812
7859	965
7860	956
7861	1132
7862	843
7863	868
7864	1129
7865	942
7866	874
7867	838
7868	924
7869	1096
7870	941
7871	781
7872	835
7873	767
7874	932
7875	1075
7876	864
7877	912
7878	1156
7879	1192
7880	993
7881	765
7882	787
7883	868
7884	749
7885	708
7886	945
7887	879
7888	909
7889	871
7890	1074
7891	1132
7892	866
7893	1169
7894	921
7895	949
7896	1068
7897	934
7898	922
7899	780
7900	1048
7901	998
7902	852
7903	997
7904	1052
7905	1080
7906	860
7907	1131
7908	788
7909	695
7910	875
7911	728
7912	967
7913	757
7914	1302
7915	782
7916	1041
7917	914
7918	863
7919	824
7920	911
7921	1007
7922	661
7923	1151
7924	833
7925	814
7926	798
7927	832
7928	974
7929	770
7930	1082
7931	1029
7932	1027
7933	791
7934	958
7935	1005
7936	888
7937	794
7938	787
7939	694
7940	901
7941	939
7942	811
7943	812
7944	1063
7945	884
7946	1099
7947	1227
7948	776
7949	857
7950	688
7951	898
7952	1379
7953	825
7954	907
7955	879
7956	784
7957	834
7958	817
7959	984
7960	779
7961	927
7962	1046
7963	762
7964	1059
7965	890
7966	829
7967	713
7968	847
7969	909
7970	1095
7971	1054
7972	1107
7973	859
7974	775
7975	1078
7976	887
7977	938
7978	1016
7979	989
7980	810
7981	899
7982	1078
7983	845
7984	1071
7985	916
7986	822
7987	884
7988	894
7989	764
7990	733
7991	875
7992	822
7993	867
7994	999
7995	723
7996	967
7997	805
7998	879
7999	817
8000	1158
8001	811
8002	834
8003	1191
8004	1088
8005	893
8006	924
8007	818
8008	730
8009	1083
8010	1102
8011	833
8012	951
8013	911
8014	905
8015	932
8016	787
8017	957
8018	883
8019	829
8020	1162
8021	871
8022	940
8023	862
8024	1166
8025	877
8026	901
8027	955
8028	961
8029	1025
8030	862
8031	915
8032	762
8033	956
8034	698
8035	890
8036	927
8037	790
8038	859
8039	807
8040	886
8041	732
8042	1000
8043	829
8044	1107
8045	869
8046	695
8047	903
8048	959
8049	855
8050	692
8051	969
8052	824
8053	933
8054	886
8055	708
8056	856
8057	897
8058	701
8059	839
8060	1004
8061	857
8062	751
8063	766
8064	749
8065	1009
8066	1066
8067	1084
8068	947
8069	697
8070	807
8071	1237
8072	881
8073	873
8074	839
8075	708
8076	931
8077	711
8078	1130
8079	985
8080	1091
8081	814
8082	896
8083	820
8084	743
8085	803
8086	712
8087	790
8088	994
8089	788
8090	993
8091	1096
8092	940
8093	855
8094	934
8095	751
8096	728
8097	797
8098	812
8099	1044
8100	855
8101	851
8102	720
8103	1151
8104	962
8105	865
8106	807
8107	914
8108	878
8109	759
8110	736
8111	936
8112	813
8113	1149
8114	909
8115	1075
8116	676
8117	847
8118	1031
8119	872
8120	825
8121	1045
8122	797
8123	984
8124	796
8125	841
8126	763
8127	987
8128	853
8129	866
8130	996
8131	851
8132	854
8133	823
8134	783
8135	992
8136	1125
8137	745
8138	900
8139	953
8140	1015
8141	898
8142	1025
8143	1003
8144	942
8145	831
8146	831
8147	747
8148	847
8149	1021
8150	756
8151	678
8152	777
8153	934
8154	1234
8155	1116
8156	791
8157	1043
8158	859
8159	951
8160	840
8161	787
8162	835
8163	950
8164	887
8165	928
8166	995
8167	1047
8168	833
8169	984
8170	1035
8171	889
8172	1098
8173	1190
8174	899
8175	1025
8176	797
8177	792
8178	969
8179	800
8180	816
8181	894
8182	720
8183	1063
8184	999
8185	995
8186	719
8187	816
8188	692
8189	1069
8190	764
8191	880
8192	1018
8193	840
8194	816
8195	792
8196	842
8197	879
8198	973
8199	1090
8200	958
8201	891
8202	948
8203	908
8204	738
8205	1015
8206	891
8207	1304
8208	951
8209	1081
8210	708
8211	668
8212	810
8213	1212
8214	1250
8215	1021
8216	778
8217	959
8218	1019
8219	723
8220	728
8221	739
8222	959
8223	785
8224	938
8225	709
8226	827
8227	823
8228	965
8229	766
8230	975
8231	930
8232	1216
8233	1220
8234	812
8235	992
8236	1008
8237	930
8238	810
8239	894
8240	836
8241	792
8242	957
8243	959
8244	929
8245	951
8246	892
8247	690
8248	937
8249	769
8250	983
8251	953
8252	760
8253	859
8254	806
8255	867
8256	1203
8257	724
8258	901
8259	891
8260	889
8261	736
8262	833
8263	799
8264	1094
8265	1149
8266	691
8267	839
8268	861
8269	701
8270	845
8271	1112
8272	977
8273	766
8274	838
8275	735
8276	1091
8277	784
8278	880
8279	945
8280	812
8281	1048
8282	728
8283	832
8284	893
8285	820
8286	814
8287	789
8288	972
8289	865
8290	913
8291	783
8292	850
8293	903
8294	834
8295	1053
8296	1035
8297	805
8298	929
8299	819
8300	1118
8301	686
8302	778
8303	837
8304	1037
8305	759
8306	772
8307	1233
8308	851
8309	831
8310	1050
8311	768
8312	1275
8313	990
8314	841
8315	724
8316	1055
8317	996
8318	1085
8319	926
8320	829
8321	933
8322	834
8323	1030
8324	818
8325	773
8326	926
8327	992
8328	781
8329	868
8330	965
8331	762
8332	936
8333	859
8334	1039
8335	840
8336	963
8337	966
8338	897
8339	843
8340	723
8341	799
8342	1078
8343	1117
8344	842
8345	869
8346	789
8347	1064
8348	1020
8349	865
8350	908
8351	814
8352	1108
8353	869
8354	917
8355	898
8356	856
8357	857
8358	857
8359	767
8360	1045
8361	1119
8362	789
8363	1057
8364	1169
8365	769
8366	958
8367	1037
8368	852
8369	809
8370	1004
8371	985
8372	943
8373	762
8374	936
8375	881
8376	757
8377	985
8378	868
8379	1066
8380	892
8381	732
8382	966
8383	844
8384	679
8385	823
8386	1157
8387	1013
8388	867
8389	734
8390	784
8391	1126
8392	944
8393	957
8394	1114
8395	909
8396	876
8397	1030
8398	717
8399	704
8400	1067
8401	924
8402	738
8403	866
8404	842
8405	777
8406	839
8407	929
8408	905
8409	1230
8410	710
8411	989
8412	1088
8413	997
8414	863
8415	871
8416	931
8417	982
8418	771
8419	793
8420	893
8421	1005
8422	1279
8423	800
8424	757
8425	736
8426	868
8427	769
8428	1213
8429	756
8430	819
8431	992
8432	1045
8433	948
8434	743
8435	819
8436	911
8437	811
8438	977
8439	701
8440	1122
8441	855
8442	1155
8443	819
8444	814
8445	1037
8446	1062
8447	1174
8448	890
8449	875
8450	913
8451	1037
8452	936
8453	962
8454	839
8455	891
8456	719
8457	938
8458	901
8459	896
8460	805
8461	949
8462	935
8463	834
8464	890
8465	711
8466	802
8467	722
8468	820
8469	802
8470	794
8471	738
8472	866
8473	929
8474	945
8475	921
8476	869
8477	858
8478	1074
8479	824
8480	800
8481	778
8482	828
8483	775
8484	1013
8485	740
8486	847
8487	1030
8488	753
8489	1169
8490	883
8491	874
8492	670
8493	761
8494	791
8495	944
8496	875
8497	778
8498	615
8499	834
8500	852
8501	991
8502	946
8503	1036
8504	807
8505	987
8506	847
8507	1115
8508	887
8509	926
8510	902
8511	834
8512	793
8513	924
8514	895
8515	801
8516	876
8517	835
8518	986
8519	838
8520	819
8521	825
8522	905
8523	860
8524	763
8525	880
8526	1013
8527	816
8528	943
8529	1104
8530	707
8531	972
8532	743
8533	802
8534	909
8535	1286
8536	922
8537	1096
8538	837
8539	1032
8540	897
8541	960
8542	765
8543	923
8544	913
8545	796
8546	859
8547	765
8548	1023
8549	815
8550	875
8551	740
8552	851
8553	908
8554	718
8555	694
8556	821
8557	1012
8558	753
8559	812
8560	668
8561	1024
8562	919
8563	939
8564	820
8565	887
8566	1102
8567	1080
8568	1012
8569	732
8570	842
8571	805
8572	820
8573	922
8574	795
8575	969
8576	862
8577	1006
8578	789
8579	846
8580	790
8581	1021
8582	780
8583	781
8584	1106
8585	846
8586	870
8587	705
8588	730
8589	886
8590	836
8591	877
8592	813
8593	812
8594	1115
8595	1119
8596	730
8597	1036
8598	921
8599	701
8600	830
8601	901
8602	807
8603	722
8604	693
8605	796
8606	982
8607	906
8608	948
8609	878
8610	877
8611	855
8612	963
8613	833
8614	1076
8615	1151
8616	714
8617	1005
8618	864
8619	909
8620	1059
8621	840
8622	902
8623	1030
8624	752
8625	928
8626	878
8627	921
8628	1063
8629	1077
8630	872
8631	782
8632	732
8633	1137
8634	876
8635	726
8636	1090
8637	798
8638	748
8639	956
8640	953
8641	1095
8642	876
8643	813
8644	929
8645	891
8646	901
8647	973
8648	995
8649	762
8650	1095
8651	866
8652	974
8653	879
8654	1017
8655	925
8656	698
8657	1010
8658	810
8659	821
8660	1111
8661	795
8662	1138
8663	864
8664	863
8665	851
8666	763
8667	937
8668	770
8669	774
8670	712
8671	729
8672	889
8673	756
8674	1174
8675	710
8676	806
8677	780
8678	901
8679	937
8680	736
8681	659
8682	845
8683	851
8684	962
8685	860
8686	872
8687	845
8688	783
8689	1106
8690	959
8691	1040
8692	790
8693	781
8694	1042
8695	1228
8696	838
8697	791
8698	679
8699	1088
8700	902
8701	858
8702	757
8703	783
8704	1208
8705	1038
8706	783
8707	1339
8708	895
8709	1261
8710	976
8711	1007
8712	1019
8713	866
8714	757
8715	1096
8716	892
8717	885
8718	741
8719	795
8720	719
8721	729
8722	910
8723	863
8724	753
8725	896
8726	1082
8727	798
8728	929
8729	784
8730	1316
8731	952
8732	715
8733	939
8734	983
8735	652
8736	905
8737	804
8738	731
8739	802
8740	953
8741	904
8742	973
8743	797
8744	735
8745	996
8746	800
8747	892
8748	779
8749	791
8750	1026
8751	913
8752	948
8753	1017
8754	933
8755	1040
8756	1013
8757	795
8758	968
8759	922
8760	756
8761	823
8762	830
8763	789
8764	1081
8765	1048
8766	939
8767	1013
8768	844
8769	896
8770	811
8771	811
8772	784
8773	946
8774	887
8775	731
8776	824
8777	1000
8778	874
8779	740
8780	1230
8781	908
8782	735
8783	947
8784	796
8785	1051
8786	826
8787	899
8788	867
8789	919
8790	829
8791	1053
8792	937
8793	1007
8794	823
8795	796
8796	1200
8797	1066
8798	922
8799	1036
8800	997
8801	825
8802	850
8803	841
8804	1181
8805	760
8806	865
8807	770
8808	947
8809	920
8810	895
8811	723
8812	789
8813	885
8814	1113
8815	1094
8816	766
8817	991
8818	1006
8819	787
8820	832
8821	724
8822	1132
8823	974
8824	1034
8825	1062
8826	724
8827	930
8828	1074
8829	733
8830	797
8831	743
8832	821
8833	823
8834	906
8835	968
8836	923
8837	1220
8838	884
8839	834
8840	922
8841	710
8842	896
8843	704
8844	926
8845	697
8846	933
8847	860
8848	1002
8849	985
8850	921
8851	832
8852	1035
8853	766
8854	844
8855	852
8856	804
8857	1095
8858	884
8859	1003
8860	914
8861	848
8862	799
8863	868
8864	807
8865	632
8866	923
8867	799
8868	905
8869	1086
8870	928
8871	769
8872	663
8873	1017
8874	1092
8875	890
8876	911
8877	1069
8878	696
8879	761
8880	1006
8881	1133
8882	869
8883	822
8884	967
8885	809
8886	935
8887	738
8888	881
8889	856
8890	924
8891	1034
8892	866
8893	901
8894	733
8895	924
8896	914
8897	1034
8898	816
8899	816
8900	1043
8901	911
8902	915
8903	920
8904	905
8905	756
8906	884
8907	980
8908	811
8909	819
8910	832
8911	839
8912	824
8913	667
8914	935
8915	878
8916	895
8917	712
8918	836
8919	871
8920	1016
8921	801
8922	914
8923	800
8924	1039
8925	952
8926	801
8927	1091
8928	825
8929	981
8930	887
8931	794
8932	692
8933	1043
8934	930
8935	982
8936	821
8937	1122
8938	954
8939	726
8940	887
8941	703
8942	1164
8943	807
8944	883
8945	869
8946	709
8947	785
8948	848
8949	959
8950	907
8951	845
8952	1107
8953	1181
8954	890
8955	793
8956	662
8957	825
8958	930
8959	863
8960	899
8961	846
8962	969
8963	764
8964	767
8965	782
8966	794
8967	703
8968	733
8969	737
8970	771
8971	861
8972	1152
8973	1009
8974	946
8975	1129
8976	1020
8977	867
8978	677
8979	960
8980	913
8981	1063
8982	965
8983	887
8984	843
8985	1080
8986	1054
8987	1027
8988	631
8989	760
8990	885
8991	955
8992	1003
8993	771
8994	1333
8995	785
8996	836
8997	1039
8998	750
8999	770
9000	1052
9001	736
9002	953
9003	986
9004	825
9005	995
9006	833
9007	858
9008	842
9009	808
9010	840
9011	885
9012	876
9013	701
9014	836
9015	800
9016	979
9017	933
9018	1139
9019	805
9020	797
9021	738
9022	932
9023	1050
9024	1157
9025	947
9026	951
9027	939
9028	835
9029	1190
9030	968
9031	903
9032	1228
9033	767
9034	927
9035	957
9036	1374
9037	1010
9038	952
9039	1172
9040	886
9041	771
9042	1076
9043	831
9044	967
9045	675
9046	1078
9047	955
9048	915
9049	895
9050	1045
9051	954
9052	921
9053	778
9054	880
9055	783
9056	817
9057	796
9058	869
9059	739
9060	909
9061	950
9062	947
9063	693
9064	774
9065	979
9066	951
9067	822
9068	983
9069	964
9070	885
9071	806
9072	964
9073	776
9074	792
9075	721
9076	771
9077	715
9078	1019
9079	1018
9080	698
9081	1125
9082	914
9083	933
9084	943
9085	828
9086	976
9087	794
9088	1300
9089	1034
9090	829
9091	807
9092	831
9093	783
9094	855
9095	930
9096	1136
9097	746
9098	980
9099	1183
9100	1003
9101	758
9102	850
9103	971
9104	864
9105	824
9106	931
9107	893
9108	928
9109	722
9110	774
9111	798
9112	878
9113	946
9114	684
9115	793
9116	792
9117	802
9118	770
9119	1249
9120	743
9121	806
9122	874
9123	837
9124	919
9125	1179
9126	1023
9127	922
9128	741
9129	956
9130	1006
9131	915
9132	974
9133	1188
9134	725
9135	791
9136	827
9137	974
9138	694
9139	818
9140	809
9141	920
9142	741
9143	753
9144	886
9145	927
9146	908
9147	972
9148	953
9149	933
9150	893
9151	820
9152	883
9153	790
9154	877
9155	663
9156	892
9157	976
9158	1013
9159	772
9160	812
9161	841
9162	696
9163	816
9164	797
9165	769
9166	760
9167	1034
9168	766
9169	782
9170	1126
9171	859
9172	983
9173	1003
9174	910
9175	842
9176	836
9177	873
9178	965
9179	864
9180	741
9181	838
9182	1043
9183	739
9184	925
9185	821
9186	867
9187	935
9188	757
9189	843
9190	798
9191	808
9192	1198
9193	744
9194	1046
9195	1013
9196	844
9197	1445
9198	739
9199	877
9200	971
9201	834
9202	1013
9203	852
9204	841
9205	735
9206	800
9207	764
9208	843
9209	897
9210	913
9211	938
9212	967
9213	1024
9214	991
9215	894
9216	907
9217	1000
9218	988
9219	761
9220	1085
9221	998
9222	961
9223	876
9224	706
9225	950
9226	782
9227	750
9228	787
9229	840
9230	866
9231	739
9232	786
9233	822
9234	760
9235	961
9236	866
9237	919
9238	928
9239	838
9240	869
9241	865
9242	970
9243	1147
9244	887
9245	897
9246	908
9247	739
9248	775
9249	955
9250	946
9251	712
9252	775
9253	1027
9254	768
9255	911
9256	889
9257	748
9258	888
9259	906
9260	957
9261	861
9262	788
9263	852
9264	1061
9265	850
9266	891
9267	859
9268	987
9269	843
9270	822
9271	834
9272	1040
9273	802
9274	971
9275	1001
9276	938
9277	941
9278	1156
9279	893
9280	986
9281	790
9282	805
9283	875
9284	1085
9285	826
9286	794
9287	1041
9288	1010
9289	988
9290	799
9291	955
9292	792
9293	970
9294	761
9295	1352
9296	944
9297	828
9298	1007
9299	1058
9300	1015
9301	722
9302	858
9303	728
9304	964
9305	759
9306	1182
9307	678
9308	911
9309	880
9310	805
9311	930
9312	861
9313	889
9314	1114
9315	875
9316	770
9317	827
9318	805
9319	813
9320	985
9321	798
9322	884
9323	901
9324	952
9325	1120
9326	885
9327	797
9328	974
9329	1034
9330	1286
9331	1056
9332	1198
9333	636
9334	1142
9335	824
9336	902
9337	809
9338	907
9339	1066
9340	871
9341	942
9342	1024
9343	808
9344	964
9345	868
9346	798
9347	1042
9348	855
9349	969
9350	737
9351	875
9352	889
9353	1092
9354	779
9355	726
9356	947
9357	1033
9358	674
9359	818
9360	763
9361	791
9362	979
9363	840
9364	795
9365	816
9366	897
9367	907
9368	774
9369	774
9370	990
9371	753
9372	741
9373	694
9374	968
9375	917
9376	872
9377	890
9378	747
9379	919
9380	848
9381	703
9382	1161
9383	953
9384	1040
9385	719
9386	1061
9387	1031
9388	911
9389	767
9390	810
9391	947
9392	1067
9393	725
9394	1085
9395	1003
9396	758
9397	1162
9398	846
9399	1057
9400	1032
9401	736
9402	872
9403	723
9404	794
9405	837
9406	863
9407	679
9408	1431
9409	1101
9410	1105
9411	829
9412	1021
9413	799
9414	1006
9415	805
9416	693
9417	952
9418	745
9419	1022
9420	909
9421	939
9422	900
9423	1014
9424	1117
9425	894
9426	1199
9427	944
9428	1080
9429	839
9430	947
9431	826
9432	1036
9433	806
9434	664
9435	790
9436	844
9437	1171
9438	749
9439	793
9440	821
9441	976
9442	845
9443	837
9444	1015
9445	875
9446	843
9447	793
9448	918
9449	786
9450	864
9451	802
9452	768
9453	988
9454	983
9455	854
9456	869
9457	839
9458	730
9459	909
9460	807
9461	971
9462	878
9463	922
9464	836
9465	842
9466	989
9467	848
9468	827
9469	960
9470	955
9471	785
9472	903
9473	1032
9474	634
9475	1191
9476	992
9477	860
9478	812
9479	969
9480	826
9481	884
9482	871
9483	778
9484	1040
9485	1008
9486	844
9487	864
9488	972
9489	906
9490	869
9491	1076
9492	993
9493	955
9494	796
9495	807
9496	746
9497	1099
9498	860
9499	1104
9500	895
9501	811
9502	690
9503	835
9504	833
9505	914
9506	974
9507	720
9508	640
9509	1002
9510	1024
9511	911
9512	1029
9513	835
9514	1022
9515	732
9516	808
9517	877
9518	902
9519	1205
9520	825
9521	962
9522	954
9523	1100
9524	785
9525	836
9526	966
9527	1008
9528	898
9529	863
9530	902
9531	663
9532	918
9533	927
9534	945
9535	929
9536	1011
9537	928
9538	855
9539	910
9540	916
9541	840
9542	1448
9543	770
9544	1043
9545	877
9546	849
9547	665
9548	773
9549	1026
9550	783
9551	808
9552	907
9553	853
9554	800
9555	801
9556	838
9557	919
9558	882
9559	831
9560	673
9561	1013
9562	1014
9563	888
9564	872
9565	872
9566	847
9567	804
9568	874
9569	963
9570	883
9571	1059
9572	707
9573	971
9574	974
9575	781
9576	1061
9577	767
9578	734
9579	883
9580	841
9581	826
9582	940
9583	1107
9584	1089
9585	704
9586	950
9587	906
9588	1013
9589	723
9590	959
9591	1153
9592	911
9593	1107
9594	1122
9595	1058
9596	1019
9597	730
9598	750
9599	1139
9600	719
9601	789
9602	793
9603	992
9604	894
9605	967
9606	1023
9607	929
9608	955
9609	1092
9610	820
9611	788
9612	915
9613	859
9614	1012
9615	909
9616	837
9617	899
9618	855
9619	1085
9620	844
9621	755
9622	1047
9623	727
9624	732
9625	774
9626	1043
9627	846
9628	1082
9629	839
9630	899
9631	1070
9632	813
9633	1208
9634	718
9635	983
9636	726
9637	840
9638	824
9639	944
9640	647
9641	841
9642	817
9643	781
9644	893
9645	734
9646	705
9647	894
9648	903
9649	891
9650	791
9651	1117
9652	871
9653	772
9654	901
9655	818
9656	699
9657	1396
9658	849
9659	843
9660	755
9661	1001
9662	885
9663	1013
9664	838
9665	652
9666	885
9667	1024
9668	752
9669	778
9670	915
9671	931
9672	896
9673	1028
9674	731
9675	966
9676	973
9677	1011
9678	787
9679	1040
9680	831
9681	1085
9682	701
9683	1114
9684	775
9685	943
9686	835
9687	973
9688	857
9689	794
9690	930
9691	983
9692	642
9693	1118
9694	880
9695	801
9696	874
9697	907
9698	794
9699	847
9700	791
9701	851
9702	796
9703	918
9704	937
9705	1008
9706	1069
9707	932
9708	769
9709	717
9710	845
9711	742
9712	904
9713	1161
9714	866
9715	1025
9716	906
9717	715
9718	949
9719	732
9720	791
9721	872
9722	851
9723	1031
9724	876
9725	774
9726	697
9727	851
9728	882
9729	995
9730	834
9731	868
9732	1052
9733	1378
9734	894
9735	742
9736	1143
9737	895
9738	993
9739	727
9740	858
9741	826
9742	946
9743	761
9744	822
9745	609
9746	834
9747	980
9748	827
9749	806
9750	797
9751	847
9752	922
9753	859
9754	660
9755	722
9756	802
9757	1001
9758	937
9759	719
9760	807
9761	913
9762	783
9763	681
9764	946
9765	679
9766	1011
9767	905
9768	789
9769	913
9770	769
9771	657
9772	883
9773	987
9774	897
9775	927
9776	979
9777	759
9778	1029
9779	986
9780	847
9781	675
9782	1153
9783	1071
9784	1041
9785	710
9786	876
9787	869
9788	846
9789	954
9790	889
9791	731
9792	1070
9793	1028
9794	988
9795	836
9796	798
9797	788
9798	881
9799	699
9800	683
9801	869
9802	1247
9803	1358
9804	845
9805	976
9806	848
9807	902
9808	851
9809	734
9810	750
9811	827
9812	830
9813	945
9814	857
9815	653
9816	1135
9817	1005
9818	809
9819	915
9820	705
9821	804
9822	834
9823	794
9824	812
9825	701
9826	776
9827	786
9828	809
9829	961
9830	753
9831	705
9832	1047
9833	782
9834	1004
9835	904
9836	882
9837	796
9838	878
9839	1143
9840	664
9841	798
9842	998
9843	780
9844	989
9845	741
9846	797
9847	1030
9848	839
9849	1229
9850	909
9851	688
9852	811
9853	863
9854	716
9855	783
9856	724
9857	800
9858	972
9859	720
9860	885
9861	825
9862	962
9863	837
9864	1148
9865	798
9866	1079
9867	822
9868	867
9869	882
9870	834
9871	798
9872	890
9873	1007
9874	1009
9875	729
9876	982
9877	894
9878	1140
9879	840
9880	1123
9881	794
9882	933
9883	779
9884	696
9885	1274
9886	1122
9887	755
9888	917
9889	913
9890	885
9891	1164
9892	941
9893	868
9894	838
9895	605
9896	824
9897	721
9898	938
9899	843
9900	909
9901	911
9902	805
9903	990
9904	952
9905	875
9906	1010
9907	1007
9908	1278
9909	976
9910	758
9911	807
9912	684
9913	756
9914	802
9915	940
9916	957
9917	781
9918	971
9919	851
9920	731
9921	671
9922	770
9923	804
9924	1045
9925	1018
9926	921
9927	836
9928	969
9929	786
9930	880
9931	794
9932	961
9933	1159
9934	907
9935	751
9936	889
9937	1035
9938	789
9939	736
9940	842
9941	935
9942	759
9943	992
9944	829
9945	1029
9946	1170
9947	749
9948	800
9949	831
9950	932
9951	1060
9952	1136
9953	882
9954	904
9955	1028
9956	813
9957	902
9958	955
9959	812
9960	987
9961	744
9962	1228
9963	1010
9964	783
9965	875
9966	730
9967	816
9968	812
9969	869
9970	1045
9971	1086
9972	898
9973	796
9974	1135
9975	843
9976	1012
9977	806
9978	839
9979	790
9980	890
9981	1099
9982	848
9983	829
9984	937
9985	821
9986	1211
9987	789
9988	994
9989	1017
9990	957
9991	713
9992	962
9993	748
9994	952
9995	801
9996	1057
9997	747
9998	816
9999	920
10000	964
