10506
42137
20321
72964
10404
44553
9520
64477
10608
40445
17051
68104
10404
45618
20321
76343
10506
39818
1828
52152
10506
48148
789
59443
10404
50746
3964
65114
10404
39620
20321
70345
10506
41916
1211
53633
10404
57181
2946
70531
10404
48055
1297
59756
10404
51720
11939
74063
10404
40447
3877
54728
10506
50835
3373
64714
10608
46828
8657
66093
10506
40120
13265
63891
10506
50564
1463
62533
10404
43959
314
54677
10506
43621
5275
59402
10404
39753
2806
52963
10506
46580
686
57772
10404
44616
20321
75341
10404
43195
20321
73920
10404
44110
355
54869
10404
42687
11886
64977
10404
43141
10123
63668
10506
48995
237
59738
10506
48364
3096
61966
10506
47752
6211
64469
10608
51807
3829
66244
10404
37034
11684
59122
10404
45759
8213
64376
10404
55550
20321
86275
10506
41000
1335
52841
10404
44148
12944
67496
10404
44757
6431
61592
10506
40468
11056
62030
10608
47404
5495
63507
10506
43019
13980
67505
10608
41099
14464
66171
10404
41749
5611
57764
10404
47362
3711
61477
10404
47483
4004
61891
10506
54121
5916
70543
10404
43341
12707
66452
10506
47578
2684
60768
10404
51064
544
62012
10404
50614
2802
63820
10404
45921
1899
58224
10404
48125
4346
62875
10404
38384
6398
55186
10506
41318
3844
55668
10608
43909
5029
59546
10710
42614
1396
54720
10404
50064
3750
64218
10404
48896
4080
63380
10404
48228
2618
61250
10506
46289
15785
72580
10506
47921
8146
66573
10506
48028
5047
63581
10404
44215
2473
57092
10404
44081
201
54686
10404
54505
2516
67425
10506
40299
6226
57031
10404
48042
5582
64028
10506
46252
2666
59424
10404
50240
805
61449
10404
44448
2933
57785
10404
51768
15512
77684
10506
49908
8897
69311
10404
45475
1723
57602
10404
46494
986
57884
10404
49864
20321
80589
10506
40806
7049
58361
10506
42268
4650
57424
10506
51167
4850
66523
10506
45328
11604
67438
10404
50636
2988
64028
10506
50682
4977
66165
10506
49326
9248
69080
10506
43419
13644
67569
10608
47586
10339
68533
10506
46229
4823
61558
10506
46021
1653
58180
10404
48039
9380
67823
10506
50986
6992
68484
10404
48824
9281
68509
10608
41949
323
52880
10608
49791
8791
69190
10404
43094
1917
55415
10506
52672
20321
83499
10404
49064
8719
68187
10404
45468
3490
59362
10506
39950
3923
54379
10506
48256
2868
61630
10404
46866
2274
59544
10506
44098
4951
59555
10506
38710
20321
69537
10404
52728
2637
65769
10506
55723
20321
86550
