272
722
74
1068
256
788
78
1122
272
1271
397
1940
256
445
193
894
256
757
288
1301
256
723
128
1107
256
947
1
1204
272
756
62
1090
256
661
1600
2517
256
1095
44
1395
272
692
217
1181
256
462
1216
1934
256
1261
294
1811
256
370
47
673
272
403
1155
1830
256
486
414
1156
288
673
876
1837
272
914
319
1505
256
861
216
1333
256
923
153
1332
256
831
537
1624
256
804
352
1412
256
1031
250
1537
272
898
63
1233
288
562
78
928
272
491
248
1011
256
930
22
1208
256
971
79
1306
256
549
1077
1882
256
695
34
985
272
1003
577
1852
256
1036
241
1533
272
661
1350
2283
256
825
688
1769
288
685
95
1068
256
604
71
931
272
534
192
998
256
704
67
1027
272
536
330
1138
256
920
549
1725
256
591
125
972
256
824
180
1260
256
1058
34
1348
256
598
36
890
272
766
52
1090
304
428
295
1027
272
962
223
1457
256
1006
84
1346
256
814
188
1258
272
1141
73
1486
288
567
587
1442
256
670
60
986
272
1155
263
1690
288
526
1082
1896
256
718
400
1374
256
415
489
1160
256
632
62
950
272
1160
146
1578
272
573
928
1773
272
730
34
1036
288
750
78
1116
272
1190
5
1467
256
810
155
1221
272
833
9
1114
272
808
189
1269
256
871
43
1170
256
627
258
1141
256
635
375
1266
256
920
405
1581
256
769
212
1237
256
675
308
1239
256
417
483
1156
272
912
95
1279
272
1316
24
1612
288
624
105
1017
272
982
1
1255
272
785
69
1126
256
689
269
1214
256
910
447
1613
256
418
48
722
272
711
201
1184
288
795
249
1332
272
986
1148
2406
256
818
213
1287
272
589
370
1231
256
638
28
922
256
787
48
1091
256
1213
35
1504
272
720
141
1133
272
799
553
1624
272
596
601
1469
256
675
785
1716
256
1149
90
1495
288
736
82
1106
256
711
171
1138
256
906
125
1287
256
785
343
1384
256
1307
95
1658
256
784
86
1126
272
799
302
1373
256
615
100
971
256
620
559
1435
256
963
122
1341
256
748
659
1663
256
819
197
1272
288
588
176
1052
288
799
45
1132
288
638
241
1167
256
550
273
1079
288
957
184
1429
256
605
115
976
256
651
129
1036
256
520
144
920
256
588
137
981
256
1305
35
1596
256
625
238
1119
256
709
53
1018
256
739
64
1059
256
619
1199
2074
256
529
301
1086
288
537
301
1126
256
702
130
1088
256
655
524
1435
256
974
177
1407
256
703
184
1143
256
601
728
1585
288
837
150
1275
256
647
336
1239
256
931
144
1331
272
873
127
1272
272
634
204
1110
256
744
234
1234
256
863
857
1976
256
650
337
1243
256
812
52
1120
272
829
388
1489
256
697
17
970
272
1127
42
1441
256
622
586
1464
272
826
77
1175
256
906
86
1248
256
550
82
888
256
822
91
1169
256
636
154
1046
256
853
222
1331
256
668
121
1045
272
557
11
840
256
700
148
1104
272
1013
52
1337
272
774
55
1101
256
700
475
1431
256
776
158
1190
256
775
116
1147
272
685
220
1177
256
1067
386
1709
256
713
57
1026
272
482
187
941
256
990
351
1597
272
747
1016
2035
256
1455
318
2029
256
662
508
1426
256
596
152
1004
272
761
370
1403
256
1207
4
1467
256
797
728
1781
256
990
189
1435
256
413
208
877
256
585
210
1051
256
622
14
892
256
947
128
1331
256
515
373
1144
256
1147
92
1495
256
631
246
1133
272
595
76
943
256
427
148
831
256
713
23
992
256
584
202
1042
272
1069
605
1946
256
840
30
1126
256
1115
968
2339
256
566
358
1180
256
896
55
1207
256
814
25
1095
256
653
85
994
256
570
38
864
272
769
690
1731
256
817
195
1268
256
484
341
1081
256
595
2
853
256
1315
98
1669
256
840
418
1514
272
453
101
826
256
720
160
1136
272
547
15
834
288
723
146
1157
256
1125
232
1613
256
801
462
1519
256
680
38
974
256
729
76
1061
272
590
708
1570
256
942
331
1529
256
1192
270
1718
256
1036
37
1329
256
480
24
760
256
608
29
893
256
708
418
1382
256
1176
74
1506
256
741
369
1366
256
665
213
1134
256
833
281
1370
304
872
110
1286
272
427
1271
1970
256
1054
20
1330
256
608
139
1003
256
750
172
1178
288
650
5
943
288
777
304
1369
272
530
39
841
256
608
179
1043
304
695
126
1125
272
867
474
1613
256
700
216
1172
256
774
17
1047
272
1070
143
1485
256
507
216
979
288
915
250
1453
304
555
235
1094
256
1087
51
1394
272
885
533
1690
256
562
21
839
256
1009
97
1362
256
1151
89
1496
256
743
21
1020
272
647
44
963
272
782
471
1525
256
1492
2
1750
272
710
23
1005
256
1150
50
1456
256
794
101
1151
256
576
896
1728
288
558
1
847
272
1584
75
1931
256
657
136
1049
256
883
449
1588
256
914
135
1305
288
724
505
1517
256
649
30
935
256
1467
247
1970
256
566
778
1600
256
545
464
1265
256
534
1540
2330
256
1094
480
1830
256
360
288
904
256
545
84
885
256
926
541
1723
256
692
325
1273
256
863
96
1215
256
968
322
1546
256
733
25
1014
272
825
40
1137
256
1122
511
1889
256
669
96
1021
256
759
703
1718
256
581
610
1447
272
769
163
1204
288
863
581
1732
256
790
91
1137
288
936
276
1500
272
738
599
1609
272
882
84
1238
288
479
331
1098
256
892
40
1188
256
592
227
1075
256
595
454
1305
256
568
74
898
256
1001
213
1470
256
850
44
1150
288
844
375
1507
272
554
21
847
256
908
71
1235
256
1010
278
1544
288
560
33
881
272
713
26
1011
256
1219
339
1814
288
530
50
868
272
520
25
817
256
737
121
1114
256
846
132
1234
256
924
362
1542
272
870
480
1622
272
682
161
1115
256
989
167
1412
272
1614
132
2018
256
1239
110
1605
272
703
575
1550
288
697
181
1166
256
608
41
905
256
922
232
1410
256
708
115
1079
256
664
428
1348
272
927
207
1406
256
782
80
1118
256
896
69
1221
256
1018
235
1509
272
537
607
1416
256
630
353
1239
256
905
113
1274
272
1184
155
1611
304
584
45
933
272
1309
280
1861
272
733
50
1055
256
1222
190
1668
256
1029
40
1325
256
808
637
1701
256
982
64
1302
272
803
660
1735
272
919
363
1554
272
458
1145
1875
256
866
247
1369
272
879
260
1411
256
1036
428
1720
256
448
9
713
256
769
188
1213
256
760
13
1029
272
551
30
853
256
845
75
1176
256
1129
46
1431
288
671
260
1219
272
915
134
1321
256
915
50
1221
256
429
462
1147
256
1145
26
1427
256
884
417
1557
256
512
36
804
256
1012
482
1750
256
1017
31
1304
256
845
50
1151
256
712
51
1019
304
793
62
1159
272
520
296
1088
256
644
256
1156
256
642
235
1133
256
792
85
1133
256
760
939
1955
256
795
78
1129
256
790
527
1573
256
710
40
1006
256
1533
362
2151
288
784
345
1417
256
1103
3
1362
256
889
45
1190
256
778
167
1201
272
679
307
1258
256
942
46
1244
272
985
275
1532
256
827
145
1228
256
780
376
1412
272
838
42
1152
256
451
81
788
256
1079
102
1437
256
1005
119
1380
272
764
54
1090
272
668
166
1106
272
814
156
1242
256
778
77
1111
256
943
72
1271
256
383
391
1030
256
796
215
1267
256
751
30
1037
272
1091
3
1366
256
638
56
950
272
1160
7
1439
256
1010
54
1320
272
678
32
982
256
1162
45
1463
288
804
66
1158
256
827
155
1238
272
718
131
1121
256
760
168
1184
256
752
80
1088
272
874
132
1278
256
655
45
956
256
847
100
1203
304
777
35
1116
288
1310
9
1607
288
1148
50
1486
272
900
174
1346
256
646
94
996
256
1098
17
1371
272
982
83
1337
256
706
34
996
256
381
34
671
256
761
7
1024
256
808
30
1094
288
697
15
1000
256
490
526
1272
272
857
177
1306
256
539
149
944
256
1097
176
1529
256
1030
191
1477
272
739
398
1409
256
711
94
1061
256
762
118
1136
272
678
330
1280
256
818
292
1366
272
595
217
1084
272
808
969
2049
256
536
44
836
288
737
395
1420
256
860
1331
2447
272
873
632
1777
272
613
328
1213
256
924
60
1240
256
784
266
1306
256
1517
30
1803
256
894
226
1376
272
977
794
2043
256
694
41
991
256
1040
73
1369
256
787
44
1087
272
1400
273
1945
256
642
456
1354
256
611
69
936
272
883
409
1564
272
775
326
1373
256
752
108
1116
256
841
109
1206
272
854
583
1709
288
1321
70
1679
256
1300
26
1582
256
929
286
1471
256
551
112
919
256
699
63
1018
256
1244
475
1975
256
660
716
1632
256
721
282
1259
288
893
418
1599
272
688
987
1947
256
1286
333
1875
256
962
338
1556
256
733
88
1077
256
478
172
906
256
841
60
1157
256
1000
33
1289
256
660
202
1118
272
743
1000
2015
256
893
459
1608
272
687
102
1061
288
883
109
1280
256
754
84
1094
272
539
202
1013
256
612
29
897
256
1135
405
1796
256
824
84
1164
272
683
84
1039
256
917
374
1547
272
1324
306
1902
256
691
366
1313
256
826
386
1468
272
920
73
1265
272
901
192
1365
256
652
68
976
288
529
207
1024
256
882
399
1537
272
751
9
1032
272
1123
382
1777
256
973
8
1237
256
865
20
1141
272
610
231
1113
256
871
56
1183
288
619
44
951
256
1692
131
2079
288
741
2
1031
256
1139
1273
2668
256
819
439
1514
256
1141
199
1596
272
826
120
1218
256
642
441
1339
256
878
197
1331
256
932
139
1327
288
635
108
1031
272
882
83
1237
256
786
110
1152
272
914
606
1792
304
593
3
900
256
920
409
1585
256
618
96
970
256
1048
99
1403
256
706
173
1135
256
1216
142
1614
256
1153
764
2173
320
552
248
1120
256
759
21
1036
256
621
772
1649
256
554
396
1206
256
1245
228
1729
288
809
146
1243
256
973
112
1341
272
791
580
1643
272
781
432
1485
272
876
205
1353
272
852
822
1946
256
807
247
1310
272
658
104
1034
272
1208
186
1666
256
572
77
905
288
932
473
1693
256
434
746
1436
272
725
611
1608
272
698
225
1195
256
1032
516
1804
272
1212
570
2054
272
438
312
1022
272
697
221
1190
256
1153
131
1540
256
1309
142
1707
256
661
14
931
256
863
46
1165
288
530
174
992
256
1231
629
2116
256
1057
191
1504
256
1337
41
1634
272
1139
157
1568
256
1041
209
1506
272
1060
161
1493
256
866
170
1292
256
915
567
1738
256
1248
372
1876
288
988
272
1548
256
1635
28
1919
256
920
23
1199
256
614
345
1215
256
949
53
1258
256
571
361
1188
256
785
83
1124
272
898
325
1495
256
953
576
1785
256
898
11
1165
256
549
254
1059
272
910
105
1287
256
672
323
1251
256
500
190
946
272
597
123
992
256
1345
54
1655
288
751
32
1071
256
805
41
1102
256
689
469
1414
288
588
334
1210
256
886
861
2003
272
969
69
1310
272
576
798
1646
256
683
107
1046
256
1416
120
1792
256
1724
68
2048
256
667
459
1382
256
768
306
1330
256
1181
255
1692
256
519
45
820
272
749
464
1485
288
948
64
1300
256
636
518
1410
288
887
90
1265
272
843
200
1315
272
1216
193
1681
272
978
30
1280
256
730
415
1401
256
757
108
1121
256
1587
359
2202
272
863
178
1313
256
729
94
1079
256
1067
37
1360
272
848
72
1192
288
1190
122
1600
272
708
378
1358
256
621
27
904
256
825
70
1151
256
841
203
1300
256
550
42
848
256
854
120
1230
272
626
1
899
256
775
143
1174
256
457
9
722
272
895
332
1499
256
657
198
1111
272
536
150
958
272
548
38
858
256
739
179
1174
256
925
12
1193
256
1368
712
2336
256
531
104
891
256
560
29
845
272
1061
456
1789
256
739
95
1090
256
540
186
982
256
587
37
880
272
810
154
1236
256
968
94
1318
288
570
13
871
256
635
125
1016
288
735
152
1175
272
763
168
1203
272
439
217
928
272
561
17
850
256
612
441
1309
272
1018
216
1506
256
522
97
875
272
681
242
1195
288
761
108
1157
256
904
22
1182
272
897
154
1323
256
1290
345
1891
304
1173
843
2320
288
569
931
1788
256
645
260
1161
256
797
201
1254
272
688
634
1594
256
825
19
1100
256
721
109
1086
272
711
75
1058
272
1203
4
1479
272
725
878
1875
256
2047
79
2382
256
704
11
971
256
805
32
1093
288
1208
1381
2877
272
634
43
949
256
591
371
1218
288
786
675
1749
272
579
35
886
256
968
685
1909
256
638
202
1096
256
835
734
1825
272
2176
274
2722
272
635
39
946
272
615
161
1048
256
745
42
1043
256
1058
174
1488
272
1005
253
1530
256
590
295
1141
256
1028
571
1855
272
1193
227
1692
256
992
102
1350
304
669
189
1162
272
708
248
1228
288
686
551
1525
256
762
37
1055
256
623
71
950
288
802
88
1178
304
738
512
1554
256
812
11
1079
256
697
148
1101
256
633
374
1263
256
891
22
1169
272
998
312
1582
256
884
284
1424
256
903
62
1221
272
930
96
1298
272
562
741
1575
272
1402
80
1754
272
357
190
819
256
451
320
1027
256
511
816
1583
256
550
27
833
288
742
212
1242
256
573
22
851
288
907
371
1566
256
915
840
2011
288
601
115
1004
256
386
167
809
256
997
86
1339
272
569
26
867
272
860
110
1242
256
1334
171
1761
272
761
104
1137
256
662
381
1299
256
489
268
1013
272
751
224
1247
288
915
129
1332
272
1341
1019
2632
256
1400
290
1946
256
1012
66
1334
256
682
1083
2021
256
689
1087
2032
256
528
116
900
288
836
437
1561
256
485
246
987
256
1023
975
2254
256
820
23
1099
256
575
35
866
256
646
402
1304
272
617
8
897
256
797
63
1116
256
682
316
1254
272
903
116
1291
256
800
153
1209
256
747
58
1061
256
824
38
1118
256
834
56
1146
256
881
591
1728
256
630
28
914
256
633
248
1137
256
793
197
1246
272
860
1117
2249
272
490
233
995
256
727
918
1901
272
819
31
1122
272
830
733
1835
256
758
171
1185
256
915
165
1336
256
694
585
1535
256
796
921
1973
256
600
659
1515
256
1116
188
1560
288
935
165
1388
272
827
808
1907
288
702
445
1435
272
748
33
1053
256
659
674
1589
272
1100
590
1962
256
1313
9
1578
272
666
366
1304
272
1638
11
1921
256
784
580
1620
256
1106
201
1563
272
744
240
1256
288
1023
72
1383
256
701
262
1219
256
972
348
1576
256
1201
138
1595
256
713
444
1413
272
773
523
1568
288
392
118
798
256
811
44
1111
256
685
351
1292
288
636
631
1555
256
686
160
1102
272
1825
7
2104
256
378
96
730
272
890
165
1327
256
516
480
1252
272
437
281
990
256
880
156
1292
256
1449
800
2505
256
790
506
1552
256
476
61
793
256
646
178
1080
272
943
330
1545
256
653
467
1376
256
783
297
1336
288
913
1001
2202
256
952
312
1520
272
714
22
1008
256
514
249
1019
256
731
169
1156
288
523
118
929
272
1022
224
1518
272
870
57
1199
256
1102
82
1440
256
630
286
1172
272
742
427
1441
256
628
75
959
272
912
153
1337
256
502
140
898
256
1050
135
1441
256
838
170
1264
272
1065
172
1509
256
656
147
1059
256
706
194
1156
272
856
92
1220
256
931
152
1339
272
885
125
1282
256
1187
699
2142
272
1012
197
1481
272
643
449
1364
256
755
596
1607
256
656
131
1043
288
837
251
1376
256
574
220
1050
272
1006
53
1331
272
1106
123
1501
256
1425
122
1803
256
641
674
1571
256
901
68
1225
256
943
94
1293
256
1002
115
1373
256
608
119
983
256
782
212
1250
256
627
733
1616
256
697
97
1050
256
940
37
1233
256
1707
4
1967
272
521
10
803
256
1063
481
1800
256
1062
142
1460
272
882
70
1224
256
937
11
1204
272
626
278
1176
272
1025
235
1532
256
905
273
1434
288
894
371
1553
256
919
249
1424
256
905
2
1163
256
864
533
1653
256
621
432
1309
256
658
212
1126
256
817
101
1174
272
921
355
1548
256
779
83
1118
256
1830
412
2498
256
795
320
1371
272
1219
16
1507
272
363
70
705
256
942
359
1557
256
721
95
1072
256
688
189
1133
256
690
815
1761
256
588
124
968
256
1337
580
2173
272
1705
198
2175
272
923
467
1662
256
1615
89
1960
256
1364
268
1888
256
908
323
1487
288
1223
135
1646
288
590
307
1185
256
551
25
832
256
1198
631
2085
256
1184
332
1772
256
907
34
1197
256
469
32
757
272
928
2528
3728
256
531
358
1145
256
575
100
931
256
1272
100
1628
256
805
158
1219
256
671
157
1084
256
730
599
1585
256
1176
457
1889
272
581
37
890
288
681
1437
2406
288
744
259
1291
272
484
352
1108
256
684
142
1082
256
1131
415
1802
256
675
411
1342
272
537
46
855
256
865
794
1915
272
556
103
931
272
707
85
1064
272
681
250
1203
272
770
127
1169
288
892
180
1360
256
704
1244
2204
272
1112
209
1593
272
834
420
1526
256
598
62
916
272
830
271
1373
256
610
90
956
256
558
415
1229
256
381
478
1115
256
648
146
1050
272
708
389
1369
272
677
278
1227
256
742
47
1045
320
895
127
1342
256
1019
405
1680
272
730
330
1332
256
457
246
959
256
925
295
1476
272
1192
52
1516
256
792
44
1092
272
729
149
1150
256
851
33
1140
272
738
18
1028
256
851
334
1441
272
931
488
1691
288
730
34
1052
272
984
53
1309
256
927
174
1357
272
1357
268
1897
272
859
256
1387
256
694
11
961
272
1229
823
2324
256
762
598
1616
256
1271
350
1877
256
929
42
1227
272
797
383
1452
256
834
147
1237
288
644
429
1361
288
798
262
1348
256
981
307
1544
256
593
449
1298
256
928
176
1360
256
673
204
1133
256
991
64
1311
256
1550
252
2058
256
623
137
1016
272
724
89
1085
256
700
628
1584
256
699
28
983
256
661
125
1042
256
789
67
1112
256
800
27
1083
256
1185
365
1806
256
642
1203
2101
272
682
115
1069
256
812
278
1346
272
710
439
1421
288
686
76
1050
256
944
15
1215
272
775
7
1054
256
545
145
946
256
596
108
960
256
820
51
1127
256
612
56
924
256
912
710
1878
256
670
236
1162
272
1705
148
2125
288
655
23
966
256
520
156
932
288
728
329
1345
288
588
505
1381
256
666
563
1485
272
664
96
1032
272
777
159
1208
256
572
37
865
256
571
51
878
256
828
244
1328
256
962
2746
3964
304
738
101
1143
256
731
290
1277
256
802
77
1135
288
530
540
1358
256
891
211
1358
272
941
463
1676
256
1083
35
1374
272
645
267
1184
256
929
348
1533
256
1130
255
1641
256
648
501
1405
256
776
913
1945
256
923
332
1511
256
603
381
1240
256
810
287
1353
272
797
24
1093
272
1010
365
1647
256
652
469
1377
256
781
18
1055
272
1343
335
1950
272
658
96
1026
256
850
70
1176
256
855
80
1191
256
797
182
1235
272
659
116
1047
272
874
243
1389
272
857
1
1130
256
664
66
986
256
873
80
1209
256
878
304
1438
256
719
210
1185
256
770
90
1116
256
1447
446
2149
272
1106
24
1402
256
945
213
1414
256
489
77
822
256
865
199
1320
272
629
80
981
336
813
474
1623
304
670
795
1769
272
412
175
859
256
1169
197
1622
256
812
748
1816
272
949
41
1262
256
1034
781
2071
256
628
1
885
256
676
53
985
256
647
50
953
256
848
139
1243
256
1003
173
1432
256
741
61
1058
256
548
68
872
256
461
136
853
256
736
300
1292
256
517
618
1391
288
629
326
1243
272
942
119
1333
272
998
30
1300
272
774
32
1078
272
1128
272
1672
256
637
502
1395
288
712
380
1380
256
688
46
990
256
742
85
1083
256
840
48
1144
272
597
49
918
272
701
53
1026
256
606
273
1135
256
1136
336
1728
272
677
92
1041
256
586
127
969
