272
959
487
1718
272
1511
357
2140
256
1455
33
1744
256
1212
287
1755
256
1335
5
1596
272
1140
958
2370
272
1068
316
1656
256
856
90
1202
256
972
77
1305
272
1578
87
1937
256
1012
489
1757
272
1533
1150
2955
256
1451
232
1939
256
1132
297
1685
288
1712
284
2284
256
1589
126
1971
256
1335
234
1825
256
834
88
1178
256
1370
106
1732
256
1471
142
1869
272
1164
698
2134
256
1036
364
1656
256
792
490
1538
256
836
7
1099
256
1338
213
1807
256
1137
676
2069
288
1258
314
1860
272
1149
204
1625
256
1223
120
1599
272
1940
560
2772
272
2065
358
2695
272
1284
254
1810
256
635
118
1009
272
1000
168
1440
256
1437
5
1698
272
1170
649
2091
272
850
644
1766
272
697
348
1317
272
779
162
1213
256
1028
99
1383
272
1178
329
1779
256
767
75
1098
272
1372
221
1865
272
1039
39
1350
256
1449
144
1849
256
1106
95
1457
256
1408
250
1914
256
990
102
1348
256
1244
167
1667
256
1432
553
2241
288
1537
138
1963
256
1127
671
2054
288
878
1126
2292
256
1440
38
1734
256
1414
218
1888
256
1957
83
2296
272
1243
287
1802
256
988
143
1387
256
746
204
1206
272
1332
42
1646
272
983
215
1470
256
912
194
1362
256
802
87
1145
256
1232
379
1867
256
2153
203
2612
256
949
16
1221
256
1264
153
1673
256
1488
132
1876
256
1393
158
1807
256
1163
334
1753
256
1558
450
2264
256
1723
248
2227
288
1111
184
1583
256
1147
315
1718
256
876
453
1585
256
1338
178
1772
256
1552
49
1857
256
1240
464
1960
272
1275
79
1626
256
1033
91
1380
272
1043
523
1838
256
1499
1500
3255
256
653
64
973
304
692
573
1569
272
1045
152
1469
256
1704
164
2124
256
1134
86
1476
256
1056
505
1817
256
1255
174
1685
272
1229
145
1646
256
1091
94
1441
256
1023
265
1544
256
950
98
1304
272
1096
255
1623
272
1962
109
2343
272
1475
430
2177
256
1097
110
1463
256
1436
355
2047
256
1507
25
1788
272
1305
259
1836
