1600
5350
707
7657
1600
4152
2741
8493
1600
5495
2865
9960
1600
5188
881
7669
1600
7089
1249
9938
1600
5079
663
7342
1600
5223
3012
9835
1640
6237
1633
9510
1600
6350
2624
10574
1600
5318
804
7722
1600
5539
1383
8522
1600
5355
2907
9862
1600
5338
2151
9089
1640
5117
725
7482
1720
4765
1402
7887
1600
5727
54
7381
1600
7592
1910
11102
1600
4904
892
7396
1600
5778
2172
9550
1640
4894
365
6899
1600
5585
1408
8593
1640
5954
1584
9178
1600
4221
151
5972
1640
4007
1771
7418
1680
4560
89
6329
1600
7157
3086
11843
1640
5142
2699
9481
1640
5419
1505
8564
1600
4397
360
6357
1640
5237
5169
12046
1640
4692
1267
7599
1600
6854
1413
9867
1680
4205
53
5938
1640
4795
782
7217
1640
4607
2636
8883
1600
4316
1638
7554
1640
5562
2768
9970
1600
5495
581
7676
1600
6759
1134
9493
1600
6218
320
8138
1600
5238
783
7621
1600
4357
2382
8339
1600
5090
1634
8324
1600
4769
535
6904
1640
6044
348
8032
1680
5657
1728
9065
1600
5102
868
7570
1600
7574
7749
16923
1640
6149
1893
9682
1600
6942
1722
10264
1600
4884
45
6529
1600
5674
5
7279
1600
6768
1430
9798
1680
3681
5703
11064
1600
4521
1049
7170
1600
5808
210
7618
1640
5710
1216
8566
1600
5054
173
6827
1600
4171
2712
8483
1600
3868
4
5472
1600
6605
1789
9994
1600
5714
1179
8493
1640
5314
2477
9431
1600
5371
1683
8654
1600
4804
2299
8703
1600
4188
508
6296
1600
5050
1443
8093
1680
4452
3316
9448
1600
4994
84
6678
1600
5321
1655
8576
1600
5224
1388
8212
1600
6576
1609
9785
1640
4066
425
6131
1640
4825
388
6853
1600
5273
150
7023
1600
5323
31
6954
1600
4393
1534
7527
1640
3940
38
5618
1600
3951
1771
7322
1600
5041
396
7037
1600
6029
3732
11361
1600
4135
4715
10450
1600
4776
3809
10185
1640
3944
109
5693
1600
3939
898
6437
1720
3192
6284
11196
1640
4377
523
6540
1600
5664
844
8108
1640
4588
450
6678
1600
4249
706
6555
1600
6311
1369
9280
1600
5010
266
6876
1600
4504
1110
7214
1600
4907
3306
9813
1600
3493
587
5680
1720
5759
523
8002
1640
4820
2513
8973
1600
6301
1773
9674
1640
4024
1265
6929
1640
5248
1975
8863
1600
3996
284
5880
1640
6975
3485
12100
1600
3833
1770
7203
1600
4875
609
7084
1600
3884
5117
10601
1600
5099
299
6998
1600
6762
791
9153
1600
4977
1719
8296
1600
5371
2088
9059
1680
4005
1572
7257
1640
4836
636
7112
1640
4522
2175
8337
1600
4992
3001
9593
1600
4434
104
6138
1640
4344
628
6612
1600
4057
1620
7277
1640
4180
800
6620
1600
3945
571
6116
1600
5224
2193
9017
1600
5550
4156
11306
1640
5260
5894
12794
1600
6628
1040
9268
1600
5276
111
6987
1600
5005
821
7426
1600
5481
55
7136
1600
4622
974
7196
1600
5697
2022
9319
1640
6486
2429
10555
1640
5092
29
6761
1600
5089
1032
7721
1600
6059
4944
12603
1640
6855
1546
10041
1600
5677
407
7684
1600
5697
1771
9068
1680
4186
2455
8321
1600
4811
1256
7667
1600
4773
171
6544
1600
5589
1075
8264
1720
4176
927
6823
1640
5171
149
6960
1600
5142
2796
9538
1600
3383
667
5650
1640
4648
845
7133
1600
4235
1219
7054
1640
5800
1975
9415
1600
5332
1533
8465
1600
5155
899
7654
1640
4940
1616
8196
1600
7486
1514
10600
1640
5814
495
7949
1600
3242
1849
6691
1600
5355
1500
8455
1600
5387
2692
9679
1680
4418
739
6837
1600
6134
187
7921
1640
5130
330
7100
1600
5459
2993
10052
1600
4602
3114
9316
1640
5251
1169
8060
1600
4284
2159
8043
1680
5557
4102
11339
1600
4339
287
6226
1600
4978
156
6734
1600
5149
1414
8163
1600
6136
1744
9480
1640
4669
1076
7385
1680
5795
574
8049
1600
5538
7473
14611
1600
4813
596
7009
1640
4439
242
6321
1600
3787
31
5418
1600
5357
289
7246
1600
3704
1445
6749
1640
5358
1427
8425
1600
4515
2129
8244
1600
4735
1536
7871
1640
4651
719
7010
1640
5631
666
7937
1680
4257
6452
12389
1640
5466
5619
12725
1640
4940
105
6685
1600
5853
1123
8576
1640
4201
376
6217
1640
4691
488
6819
1640
5918
3856
11414
1600
4770
1777
8147
1600
5128
7068
13796
1600
3586
438
5624
1600
6752
4491
12843
1640
6376
5942
13958
1640
5665
3135
10440
1600
4801
1071
7472
1600
4936
467
7003
1680
5143
6640
13463
1600
5560
4643
11803
1600
4133
4113
9846
1600
4868
664
7132
1600
6322
835
8757
1640
5509
3319
10468
1640
8988
215
10843
1600
4847
932
7379
1640
4838
380
6858
1680
5615
511
7806
1600
4058
1202
6860
1600
4883
1571
8054
1640
3994
1647
7281
1640
5694
2143
9477
1640
4530
2815
8985
1600
4666
1645
7911
1600
4564
606
6770
1600
4882
270
6752
1600
3872
1624
7096
1640
6465
2567
10672
1760
5305
2573
9638
1640
6201
4807
12648
1600
3265
188
5053
1640
5616
6028
13284
1600
6427
322
8349
1640
5682
4280
11602
1600
5785
481
7866
1600
5513
515
7628
1640
4555
633
6828
1600
4954
2213
8767
1640
4254
512
6406
1600
6019
995
8614
1600
4943
1192
7735
1600
4678
797
7075
1600
4880
1620
8100
1600
5024
18
6642
1640
4693
1738
8071
1640
4525
2694
8859
1640
4402
591
6633
1600
4984
974
7558
1640
6508
389
8537
1600
4605
2160
8365
1640
6291
2546
10477
1600
4516
588
6704
1640
5948
138
7726
1640
4599
1067
7306
1600
5501
2076
9177
1600
4374
1281
7255
1600
5507
11625
18732
1600
3546
4248
9394
1600
4341
205
6146
1680
4359
2901
8940
1600
4177
3104
8881
1600
6964
2476
11040
1600
4717
1286
7603
1640
5647
26
7313
1680
5611
427
7718
1600
8132
1266
10998
1600
5754
367
7721
1600
4419
1079
7098
1600
7128
735
9463
1640
5483
1322
8445
1600
4727
521
6848
1600
5060
2250
8910
1600
3930
5246
10776
1600
5180
3021
9801
1600
5332
2541
9473
1640
3919
9826
15385
1600
3723
5544
10867
1600
7408
321
9329
1600
6765
3736
12101
1600
4437
1848
7885
1600
5424
763
7787
1640
5112
254
7006
1600
5676
1660
8936
1720
3813
604
6137
1600
6660
719
8979
1600
6447
645
8692
1600
4347
2300
8247
1600
6288
1730
9618
1600
5998
1675
9273
1600
4525
2476
8601
1600
3861
1657
7118
1600
5890
1756
9246
1640
5322
1734
8696
1680
3425
1585
6690
1600
5087
2404
9091
1600
4781
2340
8721
1600
4092
1511
7203
1600
3652
833
6085
1640
4441
2479
8560
1640
4838
755
7233
1600
3760
846
6206
1640
4202
7033
12875
1640
4928
613
7181
1600
4476
872
6948
1640
5974
3460
11074
1680
4508
3290
9478
1600
5326
81
7007
1640
4863
5664
12167
1600
4393
2648
8641
1600
6775
1980
10355
1600
5332
7815
14747
1640
4411
28
6079
1640
5572
494
7706
1640
7019
2319
10978
1640
6147
593
8380
1600
5377
973
7950
1600
4030
2288
7918
1600
5480
118
7198
1640
6595
3892
12127
1600
4841
1065
7506
1600
6550
71
8221
1640
5155
1191
7986
1680
4202
1385
7267
1600
4481
867
6948
1720
3169
609
5498
1600
5647
103
7350
1600
4302
776
6678
1640
3884
2349
7873
1640
4830
126
6596
1600
4774
735
7109
1640
5484
1017
8141
1640
4674
717
7031
1640
5453
663
7756
1600
4973
1899
8472
1680
4920
2900
9500
1600
5486
7784
14870
1600
5236
388
7224
1640
6204
501
8345
1600
4184
2776
8560
1680
6063
246
7989
1600
6277
413
8290
1600
4458
1458
7516
1640
5844
2212
9696
1600
3222
407
5229
1720
4544
329
6593
1600
4096
2741
8437
1600
5052
1378
8030
1600
5701
1764
9065
1600
6048
1293
8941
1600
5436
698
7734
1600
4929
2096
8625
1600
3631
5274
10505
1640
6573
1554
9767
1600
4427
1570
7597
1600
5735
1889
9224
1600
4831
292
6723
1680
5440
2527
9647
1600
4788
1735
8123
1600
5544
2248
9392
1600
3703
2109
7412
1680
3988
3400
9068
1600
4316
1428
7344
1600
3180
71
4851
1680
4733
1001
7414
1640
3700
3058
8398
1640
5549
693
7882
1600
5999
1123
8722
1600
4320
1006
6926
1640
5261
1058
7959
1680
4394
468
6542
1640
3830
1547
7017
1600
5536
4634
11770
1600
6392
1341
9333
1640
4869
2346
8855
1600
4076
2171
7847
1600
4110
2308
8018
1600
4369
144
6113
1600
6298
234
8132
1600
4384
1368
7352
1600
3915
263
5778
1600
3498
1394
6492
1640
5365
2111
9116
1600
5270
7868
14738
1600
4855
777
7232
1600
3951
6487
12038
1600
5006
9508
16114
1600
5799
487
7886
1640
4050
864
6554
1720
4331
428
6479
1600
5850
821
8271
1680
3626
123
5429
1640
5162
120
6922
1640
4444
1256
7340
1600
4654
1340
7594
1600
3296
1398
6294
1600
5879
517
7996
1640
4262
3997
9899
1640
5366
422
7428
1600
4385
229
6214
1640
5714
710
8064
1600
4688
2366
8654
1680
3351
1928
6959
1680
4582
757
7019
1600
3958
1224
6782
1600
4442
2559
8601
1680
3803
606
6089
1600
6014
2211
9825
1600
6136
2429
10165
1600
5683
2591
9874
1600
4743
2703
9046
1640
3254
295
5189
1600
6379
3079
11058
1640
5766
1296
8702
1600
5804
459
7863
1600
4301
5582
11483
1600
3132
186
4918
1640
5344
1450
8434
1640
7291
326
9257
1600
4485
1636
7721
1600
4843
400
6843
1640
5260
48
6948
1640
4548
1021
7209
1600
7203
7273
16076
1600
5273
1625
8498
1600
6167
1881
9648
1640
5241
321
7202
1680
5119
2456
9255
1600
7791
1324
10715
1640
4806
3446
9892
1600
5067
1034
7701
1680
4645
107
6432
1600
4551
338
6489
1640
5105
1410
8155
1640
5334
349
7323
1600
5403
67
7070
1640
5553
2487
9680
1600
3763
243
5606
1640
6386
1088
9114
1640
3599
2923
8162
1600
6346
1417
9363
1640
4185
1965
7790
1640
4856
2013
8509
1600
5873
1649
9122
1600
4685
2067
8352
1600
8221
775
10596
1600
4464
337
6401
1680
3468
2161
7309
1640
5001
608
7249
1600
3493
1007
6100
1640
3704
76
5420
1640
3915
1206
6761
1600
6884
931
9415
1600
4762
717
7079
1600
3623
187
5410
1640
6385
1158
9183
1600
6082
7676
15358
1600
4579
340
6519
1640
4063
1507
7210
1600
5318
402
7320
1640
3873
1596
7109
1600
5356
1217
8173
1600
3882
5025
10507
1600
6080
3316
10996
1600
4300
231
6131
1600
4592
1908
8100
1600
5710
1780
9090
1640
4198
200
6038
1600
3646
740
5986
1600
4655
3584
9839
1600
7968
500
10068
1600
6869
560
9029
1600
3875
1327
6802
1600
6526
7233
15359
1600
5760
690
8050
1600
6607
705
8912
1600
5306
548
7454
1600
7022
211
8833
1600
5847
103
7550
1600
4490
469
6559
1600
6177
260
8037
1640
4449
892
6981
1600
3488
644
5732
1720
4793
990
7503
1600
5120
83
6803
1600
4991
426
7017
1640
6195
3233
11068
1640
7007
296
8943
1600
5568
2271
9439
1600
4608
666
6874
1600
3974
3082
8656
1600
5503
867
7970
1600
5444
117
7161
1640
6254
768
8662
1640
6350
2085
10075
1640
5853
2247
9740
1640
5026
1417
8083
1640
3947
974
6561
1600
3115
1432
6147
1600
5156
874
7630
1640
5469
4579
11688
1600
4566
1610
7776
1640
6018
1238
8896
1680
4022
332
6034
1600
5912
2309
9821
1600
4424
1480
7504
1640
4213
1356
7209
1720
5256
44
7020
1600
5866
959
8425
1680
5992
1446
9118
1600
4506
877
6983
1640
5323
829
7792
1600
4360
2324
8284
1640
3984
441
6065
1600
4101
117
5818
1640
6550
985
9175
1600
3818
37
5455
1600
4129
460
6189
1600
4510
2686
8796
1640
5465
1018
8123
1600
2898
180
4678
1640
4327
1161
7128
1600
5781
2820
10201
1600
4658
151
6409
1600
6443
674
8717
1640
6380
5144
13164
1600
4389
4251
10240
1600
4676
209
6485
1640
3917
408
5965
1600
3913
905
6418
1640
6832
106
8578
1680
6166
1222
9068
1600
6140
1832
9572
1600
6662
767
9029
1600
5632
2018
9250
1600
4298
56
5954
1760
4919
253
6932
1640
3448
661
5749
1640
5366
368
7374
1640
4839
1443
7922
1640
5136
1928
8704
1640
4154
1956
7750
1640
5325
5130
12095
1640
4845
272
6757
1600
5275
1427
8302
1600
6076
694
8370
1600
4558
1498
7656
1600
4114
255
5969
1600
5355
596
7551
1680
3347
822
5849
1600
3993
4389
9982
1680
4192
1134
7006
1600
5464
2967
10031
1640
3794
1976
7410
1600
6012
1063
8675
1600
4656
5068
11324
1600
6251
309
8160
1600
5061
2808
9469
1640
5252
30
6922
1680
4859
4777
11316
1600
4965
3281
9846
1640
4060
209
5909
1600
5371
8257
15228
1600
3677
1709
6986
1600
4802
1641
8043
1600
4747
1815
8162
1600
5355
77
7032
1640
4710
5667
12017
1640
4195
1846
7681
1600
4990
5430
12020
1640
5231
1376
8247
1600
4883
943
7426
1600
4853
3819
10272
1600
3670
5900
11170
1600
4270
2147
8017
1600
5715
2187
9502
1600
6339
467
8406
1600
4968
369
6937
1640
5774
190
7604
1640
6236
957
8833
1600
3963
1674
7237
1600
5496
1258
8354
1640
4116
2415
8171
1600
4418
4083
10101
1640
3856
3000
8496
1600
4594
557
6751
1600
5471
3461
10532
1600
5504
2050
9154
1640
5920
5999
13559
1600
5332
743
7675
1600
4602
345
6547
1640
4229
2734
8603
1600
4148
1122
6870
1680
3864
2762
8306
1680
6951
784
9415
1600
4454
202
6256
1640
4870
578
7088
1600
5270
2832
9702
1640
3539
4679
9858
1600
4431
383
6414
1640
6949
120
8709
1600
5847
1995
9442
1640
4822
619
7081
1600
4986
1064
7650
1680
3568
1703
6951
1640
5204
3949
10793
1600
3321
286
5207
1640
6982
6068
14690
1640
5095
106
6841
1600
7290
245
9135
1600
3801
1262
6663
1680
6277
149
8106
1600
3633
311
5544
1640
5674
160
7474
1640
4247
3951
9838
1600
3828
781
6209
1600
4830
1103
7533
1600
6215
569
8384
1640
5776
605
8021
1600
6601
4011
12212
1600
5179
1258
8037
1600
4305
349
6254
1600
4913
534
7047
1600
4495
2015
8110
1600
5115
37
6752
1600
6067
1108
8775
1600
4235
1419
7254
1640
4925
13
6578
1600
4033
1824
7457
1640
3916
464
6020
1600
4929
1397
7926
1640
5401
200
7241
1640
6483
746
8869
1600
4469
3034
9103
1600
5287
783
7670
1680
5357
118
7155
1640
4905
110
6655
1600
5299
1351
8250
1600
4969
1002
7571
1600
4313
2257
8170
1640
5436
92
7168
1640
4108
11
5759
1640
3776
242
5658
1600
2738
2268
6606
1600
4166
1224
6990
1600
3840
2875
8315
1600
5422
3581
10603
1640
5038
2502
9180
1680
4499
5350
11529
1600
5235
1461
8296
1680
5377
2125
9182
1640
4979
2702
9321
1600
5407
280
7287
1600
4546
805
6951
1600
5018
279
6897
1680
4192
1022
6894
1640
4569
1628
7837
1600
5545
806
7951
1720
4781
8383
14884
1640
6604
2866
11110
1600
6462
9499
17561
1720
5515
493
7728
1600
4473
1635
7708
1600
5254
1831
8685
1600
4529
287
6416
1640
4647
188
6475
1640
4269
6611
12520
1680
5248
4820
11748
1600
5069
2003
8672
1600
6132
1913
9645
1600
5638
1504
8742
1640
3910
1362
6912
1600
4909
57
6566
1600
7950
1681
11231
1640
3829
1089
6558
1600
4596
1143
7339
1600
3839
1823
7262
1600
4202
325
6127
1640
4520
739
6899
1600
4483
1547
7630
1600
5475
168
7243
1600
7145
2858
11603
1640
5316
1767
8723
1600
6039
256
7895
1600
4744
75
6419
1640
5210
1893
8743
1640
4936
3087
9663
1600
5428
1449
8477
1600
4815
282
6697
1600
3735
1842
7177
1640
4951
2154
8745
1600
5115
1776
8491
1640
5251
1853
8744
1600
5003
479
7082
1640
4102
1506
7248
1600
4218
390
6208
1600
4537
738
6875
1640
4612
665
6917
1600
4160
970
6730
1760
6305
3858
11923
1640
5617
2670
9927
1600
4348
729
6677
1600
4914
832
7346
1600
4678
87
6365
1600
5605
1959
9164
1600
5173
693
7466
1640
6780
19
8439
1600
6055
275
7930
1600
5656
911
8167
1680
6104
2816
10600
1640
5130
9804
16574
1640
4056
2663
8359
1600
4913
1365
7878
1720
5705
434
7859
1600
5382
329
7311
1640
6353
4660
12653
1600
4235
424
6259
1600
3838
254
5692
1600
6555
1472
9627
1600
4143
2428
8171
1640
4893
1207
7740
1600
4438
4419
10457
1640
3576
45
5261
1600
5771
249
7620
1600
3785
1469
6854
1640
5133
322
7095
1600
4171
1339
7110
1600
6109
1190
8899
1640
4646
271
6557
1600
5625
2657
9882
1680
5275
757
7712
1640
5209
1409
8258
1640
4584
118
6342
1640
6385
3031
11056
1600
4610
9484
15694
1600
6571
356
8527
1640
3822
520
5982
1720
4292
3817
9829
1600
4734
24
6358
1600
5396
7834
14830
1600
4586
3426
9612
1640
4298
3143
9081
1600
4795
1617
8012
1600
5136
1112
7848
1600
6010
21
7631
1640
5970
1615
9225
1600
5444
1235
8279
1640
6006
58
7704
1600
5899
906
8405
1640
4379
2206
8225
1600
4542
2289
8431
1680
5153
1023
7856
1600
5204
283
7087
1600
4857
3621
10078
1640
4867
704
7211
1600
6575
1446
9621
1680
3637
1987
7304
1640
6077
4518
12235
1680
5337
390
7407
1600
5809
1073
8482
1640
5069
137
6846
1600
5314
743
7657
1600
4686
503
6789
1600
4201
1478
7279
1600
4758
7721
14079
1640
4800
1957
8397
1640
5112
3071
9823
1600
5853
1386
8839
1640
3358
2464
7462
1600
5470
4780
11850
1600
4901
233
6734
1760
4503
1841
8104
1600
5035
1451
8086
1600
6157
160
7917
1640
4843
1637
8120
1600
4159
45
5804
1600
4942
693
7235
1640
4790
447
6877
1680
5089
685
7454
1600
4488
4358
10446
1640
5020
105
6765
1600
6133
1059
8792
1600
4954
1563
8117
1600
5638
471
7709
1600
5194
2597
9391
1600
4870
264
6734
1680
5553
1523
8756
1600
4743
1328
7671
1600
3902
668
6170
1600
4775
875
7250
1640
5608
86
7334
1600
6881
1533
10014
1600
6937
3784
12321
1600
5059
765
7424
1600
3927
1306
6833
1600
5055
1867
8522
1600
4588
2158
8346
1600
4487
680
6767
1640
3899
1218
6757
1680
5259
5372
12311
1600
5289
2281
9170
1600
5490
2692
9782
1600
4970
4896
11466
1680
5976
3592
11248
1600
5819
4650
12069
1720
7443
331
9494
1640
4976
151
6767
1600
4656
1875
8131
1640
4182
1867
7689
1600
4478
7953
14031
1680
5011
954
7645
1640
4366
47
6053
1640
3875
1502
7017
1600
5217
2821
9638
1640
6437
4986
13063
1600
6535
91
8226
1600
4404
1185
7189
1640
4671
1920
8231
1680
4644
2273
8597
1600
4661
69
6330
1600
6749
839
9188
1600
5340
971
7911
1600
5930
2836
10366
1640
4816
1616
8072
1600
5514
2917
10031
1600
5205
629
7434
1600
3801
1269
6670
1640
5525
1917
9082
1600
4099
173
5872
1600
5312
1098
8010
1600
4798
570
6968
1600
4268
1995
7863
1600
4586
39
6225
1600
7031
294
8925
1640
4711
229
6580
1600
4098
121
5819
1680
7764
6118
15562
1600
4318
2553
8471
1640
4453
528
6621
1600
5540
475
7615
1600
5164
724
7488
1680
3886
38
5604
1600
5469
246
7315
1600
4761
797
7158
1600
4634
617
6851
1600
4230
1441
7271
1600
4216
8
5824
1640
6071
3050
10761
1600
3917
282
5799
1600
6553
1062
9215
1640
5150
81
6871
1640
5824
908
8372
1640
5397
6028
13065
1640
4554
3123
9317
1640
3875
106
5621
1600
4008
2043
7651
1600
4348
8
5956
1600
4950
3031
9581
1640
5088
6178
12906
1600
4852
1882
8334
1600
4482
1772
7854
1600
5062
517
7179
1640
4558
2553
8751
1600
5686
5249
12535
1640
6362
1266
9268
1640
4499
3281
9420
1600
5594
3
7197
1600
4146
1800
7546
1600
4527
3701
9828
1640
4693
231
6564
1640
4404
102
6146
1640
5142
2177
8959
1600
5185
405
7190
1720
5456
10
7186
1600
3903
1631
7134
1680
3530
741
5951
1640
4503
7171
13314
1720
5685
1210
8615
1640
4574
1811
8025
1600
4528
5107
11235
1640
4115
196
5951
1640
6012
3254
10906
1600
6274
30
7904
1640
4183
3646
9469
1600
5384
149
7133
1600
4136
476
6212
1600
5993
1246
8839
1600
5233
1866
8699
1640
4898
3654
10192
1640
5756
7321
14717
1600
5814
4947
12361
1640
5595
337
7572
1640
5341
174
7155
1600
3863
327
5790
1600
6594
2256
10450
1600
5179
4505
11284
1600
4943
1108
7651
1680
4056
1153
6889
1600
7307
1084
9991
1600
4338
1437
7375
1680
6308
607
8595
1600
3748
2657
8005
1600
4591
1259
7450
1600
5237
3169
10006
1600
5327
991
7918
1640
4873
824
7337
1640
3830
1430
6900
1600
5962
1873
9435
1600
4248
693
6541
1600
2932
1538
6070
1600
3707
822
6129
1600
4220
1012
6832
1600
6544
9617
17761
1640
6417
604
8661
1600
5823
463
7886
1600
4133
1423
7156
1600
4079
2876
8555
1600
4604
647
6851
1680
6917
3014
11611
1600
4671
3245
9516
1600
4682
661
6943
1640
4082
3230
8952
1600
5295
948
7843
1600
4613
310
6523
1600
6082
1971
9653
1640
5935
509
8084
1600
4773
748
7121
1680
4918
3655
10253
1680
4296
1041
7017
1600
3779
452
5831
1600
4232
1165
6997
1600
6358
4125
12083
1680
4249
381
6310
1600
5672
2782
10054
1600
5302
43
6945
1640
4092
1294
7026
1640
3875
382
5897
1640
6041
4185
11866
1720
6316
333
8369
1600
6214
929
8743
1600
5431
1143
8174
1640
6601
2423
10664
1600
5075
533
7208
1600
4619
352
6571
1640
4800
28
6468
1600
5150
2275
9025
1640
4372
24
6036
1600
6370
1312
9282
1640
5994
858
8492
1600
3742
698
6040
1600
5135
3933
10668
1640
3642
1728
7010
1640
4692
213
6545
1600
4706
33
6339
1600
6575
1607
9782
1600
5417
1982
8999
1600
6113
538
8251
1640
6711
1499
9850
1600
5983
370
7953
1640
3351
1852
6843
1600
4526
226
6352
1600
5819
1139
8558
1600
5148
4345
11093
1640
5626
6404
13670
1600
4471
1112
7183
1600
4688
1221
7509
1640
5938
854
8432
1600
4207
3450
9257
1640
7391
2361
11392
1640
4040
2938
8618
1640
4262
2325
8227
1600
3734
1667
7001
1600
3828
1015
6443
1600
3858
1684
7142
1600
5477
4098
11175
1600
4717
1165
7482
1600
6122
584
8306
1600
3393
73
5066
1600
4127
553
6280
1600
6626
31
8257
1600
8056
416
10072
1600
5702
4190
11492
1600
5027
1944
8571
1640
4787
77
6504
1600
5197
4275
11072
1720
7213
1855
10788
1600
5870
3383
10853
1640
3216
8848
13704
1640
4714
461
6815
1600
4474
1603
7677
1600
7087
1148
9835
1720
6653
8097
16470
1640
8375
2426
12441
1680
3625
903
6208
1640
7067
1576
10283
1640
3781
869
6290
1640
3522
1802
6964
1600
4196
4990
10786
1600
4202
3552
9354
1640
4993
1037
7670
1600
5164
3633
10397
1640
4457
2445
8542
1600
5707
1090
8397
1640
3623
2893
8156
1600
4508
3311
9419
1600
3703
449
5752
1600
5346
1521
8467
1640
4153
122
5915
1600
4342
311
6253
1640
5203
27
6870
1600
7285
1383
10268
1640
3994
364
5998
1600
4745
674
7019
1600
4863
225
6688
1640
4938
2785
9363
1600
6298
3829
11727
