10404
46727
3695
60826
10506
46219
7717
64442
10404
50284
20321
81009
10404
46178
8968
65550
10404
40995
20321
71720
10506
49603
1042
61151
10404
42894
4585
57883
10608
43533
7853
61994
10404
48843
641
59888
10608
46946
4173
61727
10506
47725
8230
66461
10404
49175
9115
68694
10404
44500
3927
58831
10404
40514
20321
71239
10404
42429
4118
56951
10404
47725
3807
61936
10404
42392
12617
65413
10404
49055
12294
71753
10608
48168
372
59148
10404
52343
11303
74050
10506
47882
16639
75027
10506
52154
20321
82981
10404
41165
4852
56421
10710
50098
20321
81129
10506
46911
4833
62250
10404
46918
14093
71415
10404
49346
3997
63747
10506
45334
4862
60702
10404
49113
20321
79838
10608
45697
7528
63833
10506
43016
20321
73843
10404
47168
3891
61463
10608
46132
5077
61817
10506
52365
20321
83192
10404
43459
12966
66829
10404
41364
3569
55337
10506
46538
19344
76388
10404
52104
65
62573
10404
42089
14895
67388
10608
49187
12864
72659
10506
43989
6187
60682
10404
45361
1883
57648
10404
45409
20321
76134
10506
52592
20321
83419
10506
47644
182
58332
10404
43639
4812
58855
10506
48421
6005
64932
10404
51070
3425
64899
10404
45356
5378
61138
10506
48026
12303
70835
10404
38749
15610
64763
10404
41332
2905
54641
10506
40939
752
52197
10506
46883
20321
77710
10404
44841
1202
56447
10404
58108
19708
88220
10608
47768
9369
67745
10608
43653
1005
55266
10506
46620
5883
63009
10506
43307
6189
60002
10404
43079
7470
60953
10506
41707
14980
67193
10404
45481
20321
76206
10404
50753
18379
79536
10506
42584
13588
66678
10404
46081
5700
62185
10506
45744
5546
61796
10404
47732
2615
60751
10506
41482
12305
64293
10404
40497
11522
62423
10404
43553
763
54720
10608
41840
14834
67282
10506
53342
4834
68682
10404
49155
823
60382
10404
42734
13415
66553
10506
49372
6774
66652
10506
44281
5861
60648
10506
44819
16482
71807
10404
41343
3337
55084
10404
43569
8032
62005
10506
44418
4075
58999
10506
46340
4622
61468
10404
43735
440
54579
10404
37709
2090
50203
10404
43609
6652
60665
10404
50303
1536
62243
10506
41993
11586
64085
10506
45100
13058
68664
10506
42883
20321
73710
10404
50216
2287
62907
10506
45419
8591
64516
10506
41932
20321
72759
10506
41023
3114
54643
10404
46303
20321
77028
10404
42509
20321
73234
10404
44435
20321
75160
10404
42676
1610
54690
10404
47950
488
58842
10506
44444
2527
57477
10404
45927
11976
68307
