1600
6887
2505
10992
1640
7780
5790
15210
1600
6520
2340
10460
1640
6501
2228
10369
1600
6860
506
8966
1640
6035
924
8599
1640
7591
4543
13774
1640
7665
6464
15769
1640
8733
2635
13008
1600
8857
4142
14599
1640
6619
1410
9669
1600
7854
4396
13850
1600
7320
353
9273
1600
7216
2447
11263
1600
8948
297
10845
1600
7188
3869
12657
1600
7062
219
8881
1640
9580
2165
13385
1600
5793
2347
9740
1640
8299
2199
12138
1640
8000
975
10615
1600
7998
676
10274
1600
6621
7553
15774
1600
6833
436
8869
1640
5195
130
6965
1600
7420
514
9534
1640
6642
639
8921
1600
6078
157
7835
1600
5327
461
7388
1600
6913
3609
12122
1600
7216
1326
10142
1600
8811
3254
13665
1600
5851
1171
8622
1600
5871
834
8305
1600
7146
649
9395
1600
8630
1002
11232
1600
8259
545
10404
1600
6290
178
8068
1600
6836
497
8933
1600
7269
2041
10910
1600
6778
87
8465
1600
6704
711
9015
1640
6768
616
9024
1640
7063
1371
10074
1640
6826
1385
9851
1640
7948
282
9870
1680
7900
6654
16234
1600
5986
5941
13527
1600
7187
3628
12415
1600
7665
357
9622
1600
7014
1721
10335
1600
7601
568
9769
1640
8168
1745
11553
1600
6427
2010
10037
1600
6765
90
8455
1600
7808
1178
10586
1640
7142
324
9106
1600
6998
1611
10209
1640
9041
925
11606
1600
6742
245
8587
1600
7168
2091
10859
1640
6346
7149
15135
1600
6711
222
8533
1720
6535
1110
9365
1600
5834
157
7591
1600
6182
186
7968
1640
6929
2165
10734
1640
12348
5409
19397
1680
7716
957
10353
1600
6681
4745
13026
1600
7517
2391
11508
1600
9351
2164
13115
1680
8286
496
10462
1600
8328
757
10685
1640
7426
999
10065
1640
9599
1205
12444
1600
6384
123
8107
1600
6670
530
8800
1600
8232
1933
11765
1680
6802
2902
11384
1600
8206
1079
10885
1600
8387
3548
13535
1600
6773
153
8526
1640
8812
1243
11695
1600
7027
1947
10574
1640
5905
662
8207
1600
8350
6504
16454
1600
6210
1086
8896
1600
6865
1914
10379
1640
7215
2743
11598
1600
6322
24
7946
1600
7177
2775
11552
1600
7797
4261
13658
1640
7330
2964
11934
1640
5921
389
7950
1600
5935
1610
9145
1600
5494
2175
9269
1640
7416
628
9684
1640
6698
5267
13605
1640
8266
368
10274
