256
904
583
1743
256
988
82
1326
272
1091
112
1475
256
1304
386
1946
272
453
2
727
288
881
318
1487
256
845
195
1296
256
1394
32
1682
256
1088
13
1357
288
1740
369
2397
256
706
30
992
256
863
410
1529
288
690
177
1155
256
909
39
1204
256
761
667
1684
272
688
120
1080
288
841
252
1381
256
1095
522
1873
256
1289
163
1708
256
1224
122
1602
272
874
301
1447
256
1021
7
1284
256
1008
188
1452
272
1454
458
2184
256
1184
260
1700
256
787
801
1844
256
937
38
1231
272
769
6
1047
288
1026
58
1372
272
1592
525
2389
272
644
91
1007
256
1032
138
1426
272
1148
5
1425
256
1032
630
1918
256
852
27
1135
256
714
35
1005
256
952
2
1210
272
725
724
1721
256
977
1024
2257
272
977
181
1430
272
990
49
1311
256
1350
1912
3518
288
1420
386
2094
272
848
506
1626
256
961
67
1284
256
1029
100
1385
256
1071
79
1406
256
1030
39
1325
288
945
241
1474
256
883
94
1233
256
970
833
2059
256
755
95
1106
288
841
315
1444
256
1334
189
1779
256
597
360
1213
256
1349
556
2161
256
577
144
977
288
1389
732
2409
272
592
499
1363
256
995
159
1410
272
1398
133
1803
256
1082
145
1483
272
751
307
1330
256
1051
514
1821
256
1169
100
1525
272
948
46
1266
272
1001
488
1761
272
648
379
1299
256
1186
101
1543
272
560
136
968
256
888
551
1695
256
576
13
845
256
805
980
2041
256
1866
114
2236
256
662
407
1325
256
801
610
1667
256
862
312
1430
256
864
204
1324
256
1039
748
2043
256
999
28
1283
256
928
47
1231
256
815
152
1223
272
1041
268
1581
256
724
1047
2027
256
961
623
1840
288
821
383
1492
256
1057
368
1681
256
1567
79
1902
256
779
511
1546
256
1138
4
1398
256
588
137
981
272
1159
440
1871
272
1426
84
1782
256
1176
464
1896
272
400
305
977
272
1177
202
1651
256
807
43
1106
256
1194
188
1638
272
798
217
1287
256
717
152
1125
256
786
65
1107
272
934
156
1362
256
1589
35
1880
256
1241
202
1699
256
528
28
812
272
922
187
1381
256
941
519
1716
256
972
237
1465
256
1753
751
2760
272
1240
96
1608
256
874
792
1922
256
1370
50
1676
256
942
377
1575
256
800
126
1182
272
1580
270
2122
256
878
7
1141
272
1663
158
2093
272
896
93
1261
272
1150
52
1474
288
1051
69
1408
256
1106
301
1663
272
1036
106
1414
256
991
971
2218
272
1219
257
1748
256
868
517
1641
272
1015
33
1320
256
709
42
1007
256
960
216
1432
256
1174
870
2300
288
1544
500
2332
256
1048
62
1366
256
1054
222
1532
288
778
174
1240
256
832
623
1711
272
963
31
1266
256
644
199
1099
256
944
21
1221
272
1074
116
1462
288
798
189
1275
272
786
357
1415
272
1039
14
1325
256
1966
87
2309
272
810
25
1107
256
1274
694
2224
256
784
844
1884
256
1504
54
1814
272
580
39
891
256
800
675
1731
256
835
193
1284
256
681
111
1048
256
1271
76
1603
256
1049
942
2247
272
1011
530
1813
256
725
222
1203
272
858
285
1415
256
758
323
1337
272
752
98
1122
272
912
1143
2327
256
842
144
1242
256
642
890
1788
256
704
502
1462
272
882
124
1278
256
760
38
1054
256
708
411
1375
256
1104
91
1451
272
994
80
1346
288
1055
30
1373
256
667
158
1081
256
842
993
2091
256
691
30
977
256
789
26
1071
256
1564
153
1973
256
1071
135
1462
272
872
39
1183
256
806
237
1299
288
640
88
1016
256
1273
552
2081
272
917
95
1284
272
1287
861
2420
304
1171
6
1481
272
966
108
1346
256
1015
144
1415
256
755
99
1110
256
821
152
1229
256
985
182
1423
272
1601
386
2259
256
643
59
958
256
900
909
2065
256
724
56
1036
256
1529
403
2188
272
1272
60
1604
272
705
282
1259
304
739
214
1257
272
909
921
2102
256
1091
21
1368
256
880
65
1201
272
1063
579
1914
272
930
289
1491
256
916
257
1429
272
612
275
1159
272
791
49
1112
272
937
480
1689
256
622
16
894
256
732
2
990
256
665
71
992
272
1527
19
1818
256
714
545
1515
256
1109
76
1441
272
791
562
1625
272
841
187
1300
256
532
3
791
272
1173
158
1603
272
1209
469
1950
256
1100
409
1765
288
927
735
1950
256
863
147
1266
256
999
28
1283
256
1226
289
1771
256
960
63
1279
272
877
121
1270
272
1152
2233
3657
256
619
179
1054
256
844
328
1428
272
1175
261
1708
256
730
1020
2006
256
706
371
1333
256
805
1866
2927
256
1033
316
1605
272
865
1223
2360
272
1353
95
1720
256
666
288
1210
256
1005
444
1705
304
687
179
1170
256
1294
20
1570
256
1131
385
1772
272
1051
142
1465
272
836
135
1243
256
707
120
1083
256
855
183
1294
288
1367
486
2141
256
844
9
1109
256
1226
753
2235
256
1371
190
1817
256
765
41
1062
272
752
125
1149
272
938
331
1541
256
1020
141
1417
256
557
366
1179
256
678
447
1381
256
925
121
1302
256
820
150
1226
256
671
120
1047
256
1454
17
1727
272
1309
540
2121
272
954
4
1230
272
928
126
1326
272
1047
39
1358
256
758
254
1268
272
950
230
1452
272
1127
79
1478
256
1249
76
1581
256
992
47
1295
288
900
7
1195
256
766
14
1036
256
769
217
1242
272
1147
96
1515
272
1330
60
1662
256
653
1220
2129
272
798
269
1339
256
1016
101
1373
256
1157
899
2312
256
697
136
1089
272
1276
139
1687
272
747
313
1332
256
753
60
1069
256
1157
416
1829
256
902
25
1183
256
680
20
956
256
464
76
796
256
776
87
1119
256
899
30
1185
256
903
81
1240
256
643
413
1312
256
1527
122
1905
272
945
50
1267
256
937
285
1478
272
936
3
1211
256
1184
467
1907
256
1159
630
2045
256
688
258
1202
272
1115
13
1400
256
699
95
1050
256
880
68
1204
272
1256
141
1669
256
935
343
1534
272
997
166
1435
256
1096
896
2248
256
1429
232
1917
272
656
576
1504
256
1495
27
1778
288
1175
211
1674
272
962
364
1598
256
899
432
1587
256
704
11
971
272
814
380
1466
272
1218
82
1572
256
976
156
1388
272
996
215
1483
256
1193
176
1625
256
1114
46
1416
288
946
99
1333
256
902
150
1308
256
768
174
1198
272
780
543
1595
272
480
473
1225
272
862
16
1150
256
733
839
1828
256
1020
240
1516
256
770
322
1348
256
760
154
1170
256
965
13
1234
256
900
133
1289
272
1047
863
2182
272
1006
453
1731
256
825
182
1263
256
875
72
1203
256
953
203
1412
256
752
547
1555
272
773
204
1249
256
690
67
1013
304
876
364
1544
256
806
8
1070
256
624
203
1083
272
623
222
1117
272
692
125
1089
256
1192
430
1878
256
1026
44
1326
272
765
130
1167
288
1082
494
1864
272
880
32
1184
256
986
95
1337
304
775
353
1432
256
958
7
1221
256
872
309
1437
256
1414
143
1813
256
978
231
1465
256
816
206
1278
256
1199
573
2028
288
803
28
1119
272
688
204
1164
272
951
33
1256
256
965
338
1559
256
949
792
1997
256
1057
250
1563
272
762
553
1587
256
955
210
1421
272
1652
3
1927
256
673
35
964
272
801
77
1150
272
1133
28
1433
256
1091
116
1463
256
987
236
1479
272
838
88
1198
256
1173
87
1516
256
936
215
1407
272
878
315
1465
304
1089
204
1597
256
896
21
1173
256
949
492
1697
256
837
659
1752
272
1118
708
2098
272
683
1201
2156
256
984
464
1704
256
1352
121
1729
256
800
223
1279
256
832
128
1216
272
1016
72
1360
272
879
1652
2803
272
1084
213
1569
272
1009
73
1354
288
885
74
1247
272
926
529
1727
320
645
412
1377
256
629
549
1434
256
1131
362
1749
272
1087
200
1559
256
929
233
1418
288
693
184
1165
256
840
329
1425
256
789
528
1573
256
1140
681
2077
272
944
114
1330
256
528
2
786
272
1217
106
1595
256
816
49
1121
256
836
170
1262
256
924
82
1262
256
1039
1570
2865
256
796
381
1433
256
847
330
1433
256
1088
65
1409
256
881
805
1942
256
908
10
1174
256
1301
59
1616
256
726
587
1569
256
1155
146
1557
288
741
299
1328
272
1365
312
1949
256
784
563
1603
272
861
136
1269
288
821
169
1278
272
893
81
1246
256
1228
120
1604
256
905
356
1517
256
1100
88
1444
288
1076
145
1509
256
1406
104
1766
256
624
565
1445
288
996
134
1418
288
701
597
1586
256
1272
266
1794
256
867
478
1601
256
844
229
1329
256
568
24
848
256
519
102
877
256
946
556
1758
256
1056
309
1621
256
1028
311
1595
272
1212
122
1606
256
638
439
1333
256
1463
156
1875
256
676
346
1278
272
1010
120
1402
272
994
216
1482
256
1014
1
1271
256
1110
262
1628
256
1173
215
1644
256
692
778
1726
272
1119
36
1427
256
830
114
1200
272
856
137
1265
256
1098
778
2132
256
817
1013
2086
256
1512
343
2111
272
896
60
1228
256
637
108
1001
256
871
91
1218
256
1032
24
1312
272
1222
338
1832
256
726
72
1054
272
993
331
1596
288
834
128
1250
256
874
22
1152
256
1627
55
1938
256
696
1640
2592
256
1606
136
1998
272
636
264
1172
256
908
82
1246
256
744
415
1415
256
880
17
1153
256
929
66
1251
256
819
521
1596
272
919
526
1717
288
1092
8
1388
288
1314
104
1706
272
585
305
1162
256
880
74
1210
256
629
182
1067
256
853
18
1127
272
1237
177
1686
272
746
107
1125
256
440
279
975
256
960
421
1637
256
847
452
1555
272
865
466
1603
256
809
119
1184
256
624
172
1052
272
1426
17
1715
256
792
48
1096
272
816
172
1260
256
1170
936
2362
256
828
341
1425
272
910
76
1258
272
1044
265
1581
256
1024
212
1492
256
973
1738
2967
256
1008
395
1659
288
726
461
1475
272
1235
123
1630
272
903
581
1756
256
1032
310
1598
288
1575
266
2129
256
1113
19
1388
272
1025
262
1559
256
717
319
1292
256
1234
472
1962
272
880
208
1360
256
877
845
1978
256
682
551
1489
272
507
668
1447
256
784
14
1054
256
971
181
1408
256
1338
220
1814
256
896
21
1173
256
683
82
1021
256
809
114
1179
256
1030
297
1583
256
960
13
1229
320
564
395
1279
256
999
97
1352
256
716
20
992
256
1151
230
1637
256
1035
175
1466
256
646
15
917
272
803
26
1101
256
941
228
1425
256
1120
87
1463
272
579
177
1028
256
1205
381
1842
256
919
2
1177
256
688
73
1017
256
1358
114
1728
304
865
148
1317
256
617
232
1105
272
1071
564
1907
272
734
479
1485
256
881
142
1279
256
705
26
987
304
873
309
1486
288
1188
255
1731
272
622
57
951
256
1047
65
1368
272
883
113
1268
272
790
209
1271
256
1508
25
1789
256
707
133
1096
256
736
86
1078
272
1021
110
1403
256
868
33
1157
256
866
14
1136
272
933
68
1273
256
544
497
1297
272
1067
157
1496
272
888
165
1325
304
1279
73
1656
256
897
429
1582
288
1045
290
1623
256
771
258
1285
256
528
47
831
256
1019
524
1799
272
750
366
1388
256
950
107
1313
256
1062
670
1988
272
1055
116
1443
256
936
1003
2195
256
779
511
1546
256
1029
725
2010
272
768
212
1252
272
1579
137
1988
256
723
739
1718
256
672
165
1093
288
984
491
1763
256
976
88
1320
272
576
262
1110
256
1072
28
1356
272
1585
906
2763
256
1054
619
1929
256
921
260
1437
256
996
275
1527
272
1291
105
1668
256
1196
595
2047
256
809
88
1153
272
752
33
1057
256
883
125
1264
272
946
211
1429
256
838
283
1377
272
853
95
1220
272
1084
155
1511
272
872
92
1236
256
1452
467
2175
272
1129
36
1437
256
700
309
1265
272
985
652
1909
304
912
328
1544
272
696
634
1602
256
697
47
1000
272
1120
116
1508
272
696
729
1697
272
790
574
1636
256
587
679
1522
256
1400
60
1716
288
1248
263
1799
256
1059
366
1681
256
1180
633
2069
256
1326
295
1877
256
1864
232
2352
256
875
255
1386
256
1157
87
1500
272
863
205
1340
272
828
218
1318
272
581
90
943
256
844
14
1114
256
2222
1050
3528
256
777
48
1081
256
1067
451
1774
256
1365
100
1721
256
660
97
1013
256
1044
279
1579
256
931
575
1762
288
1005
62
1355
272
715
9
996
272
784
544
1600
256
760
356
1372
288
693
193
1174
256
875
399
1530
272
1158
22
1452
272
592
334
1198
256
1089
202
1547
256
669
33
958
272
575
168
1015
256
670
37
963
256
909
441
1606
272
1293
87
1652
256
1148
171
1575
288
1045
64
1397
256
588
57
901
288
1366
581
2235
256
1179
108
1543
272
1128
227
1627
256
989
51
1296
272
896
96
1264
256
885
135
1276
272
1080
551
1903
256
484
236
976
256
688
604
1548
256
821
174
1251
256
685
537
1478
256
1310
162
1728
256
895
280
1431
256
1326
199
1781
272
1095
146
1513
256
732
146
1134
288
1191
10
1489
256
1232
680
2168
256
733
85
1074
272
1317
70
1659
256
1077
82
1415
256
867
10
1133
256
816
213
1285
256
987
153
1396
256
1013
577
1846
256
597
109
962
256
793
16
1065
256
512
515
1283
272
949
68
1289
272
1035
151
1458
256
605
87
948
288
933
394
1615
256
848
118
1222
256
795
227
1278
272
951
453
1676
272
1113
36
1421
256
764
809
1829
256
657
162
1075
256
1162
320
1738
320
810
141
1271
272
1005
103
1380
288
1501
45
1834
256
985
23
1264
272
999
321
1592
256
708
848
1812
256
923
167
1346
256
904
16
1176
272
755
680
1707
288
815
36
1139
256
1067
349
1672
256
684
921
1861
256
1053
14
1323
288
801
49
1138
272
1057
192
1521
256
822
80
1158
256
853
602
1711
256
1243
415
1914
256
752
370
1378
256
967
20
1243
256
816
54
1126
256
1312
416
1984
288
867
105
1260
256
1532
182
1970
256
805
82
1143
256
882
235
1373
256
840
447
1543
256
738
507
1501
256
565
272
1093
288
843
889
2020
256
1205
15
1476
272
992
183
1447
256
1036
212
1504
320
1127
110
1557
256
1017
107
1380
272
1020
507
1799
256
1064
184
1504
256
593
29
878
256
798
586
1640
272
1152
81
1505
256
781
200
1237
256
884
29
1169
288
1074
208
1570
272
709
186
1167
288
777
158
1223
256
874
92
1222
256
1067
389
1712
256
549
71
876
256
943
84
1283
256
1054
672
1982
256
902
117
1275
256
1002
592
1850
272
1037
1111
2420
272
712
70
1054
272
556
175
1003
256
759
362
1377
256
1693
537
2486
272
1442
43
1757
272
817
648
1737
256
1353
249
1858
256
895
31
1182
272
757
3
1032
256
720
114
1090
256
1423
38
1717
256
706
338
1300
256
594
250
1100
256
1159
97
1512
288
999
55
1342
256
1179
814
2249
272
945
10
1227
272
715
30
1017
256
1219
563
2038
256
861
27
1144
272
1291
425
1988
256
1009
144
1409
256
533
7
796
256
1436
11
1703
256
458
105
819
272
608
471
1351
256
871
433
1560
256
722
82
1060
256
1283
129
1668
256
990
115
1361
288
1042
458
1788
272
688
387
1347
272
792
375
1439
288
847
62
1197
272
904
317
1493
256
746
707
1709
256
960
25
1241
256
1185
479
1920
256
815
330
1401
256
608
379
1243
256
747
17
1020
256
902
552
1710
256
932
128
1316
272
816
40
1128
272
1015
21
1308
256
811
17
1084
272
1267
431
1970
256
1072
99
1427
256
1196
91
1543
272
1243
39
1554
272
838
4
1114
256
805
132
1193
272
1214
810
2296
256
1824
25
2105
256
800
1017
2073
272
893
249
1414
256
800
555
1611
256
840
456
1552
256
1057
175
1488
272
1147
20
1439
256
771
524
1551
256
993
2407
3656
256
647
25
928
256
966
42
1264
256
1112
285
1653
256
959
56
1271
256
711
20
987
256
1234
1147
2637
288
835
123
1246
256
693
124
1073
256
1176
200
1632
256
519
28
803
272
915
270
1457
256
698
379
1333
272
1281
766
2319
288
692
167
1147
256
800
85
1141
272
704
165
1141
256
1182
78
1516
272
1140
709
2121
256
980
898
2134
272
789
59
1120
256
953
307
1516
256
889
821
1966
256
699
3
958
288
1314
48
1650
272
672
254
1198
256
1400
539
2195
272
979
36
1287
288
880
329
1497
304
1300
36
1640
256
807
84
1147
272
1084
118
1474
256
1062
174
1492
256
667
222
1145
304
619
149
1072
272
589
159
1020
272
820
261
1353
272
864
6
1142
256
1153
57
1466
256
940
482
1678
272
720
66
1058
256
1282
350
1888
272
1249
317
1838
256
1213
13
1482
272
921
183
1376
272
1067
57
1396
272
992
291
1555
256
682
39
977
256
765
128
1149
256
1228
28
1512
256
969
211
1436
256
999
8
1263
256
949
290
1495
272
859
113
1244
272
1701
290
2263
256
592
362
1210
272
592
101
965
256
1970
324
2550
256
743
30
1029
272
805
799
1876
256
1173
152
1581
256
782
470
1508
256
1164
250
1670
256
1195
41
1492
288
831
279
1398
256
643
167
1066
256
841
159
1256
304
1200
168
1672
272
1442
685
2399
272
896
418
1586
256
800
52
1108
272
896
297
1465
256
989
332
1577
288
942
217
1447
256
827
45
1128
256
874
567
1697
256
1111
103
1470
256
620
520
1396
256
628
39
923
288
1088
3
1379
256
787
356
1399
272
1142
369
1783
256
768
365
1389
272
1024
99
1395
256
1062
1193
2511
256
704
131
1091
256
860
1
1117
272
1180
18
1470
256
975
792
2023
256
727
426
1409
288
930
220
1438
256
921
67
1244
272
550
33
855
256
823
127
1206
256
1035
272
1563
256
1020
301
1577
256
859
7
1122
256
1815
193
2264
256
782
441
1479
256
1021
51
1328
256
724
290
1270
256
1312
340
1908
272
1315
297
1884
272
1517
122
1911
272
1347
117
1736
272
836
398
1506
256
1190
385
1831
256
535
8
799
256
752
134
1142
256
1058
124
1438
272
722
123
1117
272
1474
923
2669
272
723
271
1266
256
573
142
971
256
892
8
1156
272
614
313
1199
256
840
441
1537
256
1062
30
1348
256
1453
20
1729
256
1139
76
1471
256
534
193
983
256
1108
62
1426
288
1250
284
1822
256
774
275
1305
256
950
354
1560
256
933
130
1319
272
947
293
1512
256
953
673
1882
256
1261
55
1572
256
912
16
1184
256
592
108
956
288
1063
683
2034
256
887
158
1301
256
1422
119
1797
256
1349
77
1682
256
1406
331
1993
272
1402
380
2054
272
1441
57
1770
256
639
253
1148
288
897
27
1212
256
1036
100
1392
256
872
195
1323
256
969
225
1450
256
738
313
1307
272
1022
140
1434
272
1066
192
1530
256
1048
249
1553
256
624
98
978
256
1209
43
1508
272
695
42
1009
256
912
258
1426
256
854
88
1198
272
727
258
1257
272
650
487
1409
256
1198
852
2306
272
956
128
1356
272
767
429
1468
256
714
555
1525
288
1105
394
1787
272
1180
995
2447
256
729
137
1122
256
859
243
1358
256
921
438
1615
272
670
209
1151
256
547
108
911
272
807
619
1698
288
765
43
1096
256
902
100
1258
256
1086
127
1469
256
800
59
1115
256
693
288
1237
288
1027
2
1317
272
748
75
1095
256
954
60
1270
256
1042
17
1315
256
745
55
1056
256
905
84
1245
256
1365
1097
2718
272
515
148
935
272
806
72
1150
256
787
239
1282
272
904
640
1816
256
965
78
1299
288
1189
619
2096
256
991
224
1471
256
1013
93
1362
256
693
344
1293
272
758
292
1322
272
679
228
1179
272
918
1
1191
256
939
398
1593
272
1103
103
1478
256
672
1209
2137
256
618
136
1010
272
688
466
1426
256
885
242
1383
256
816
367
1439
256
566
199
1021
256
878
170
1304
272
862
521
1655
272
828
3
1103
256
784
412
1452
256
1069
132
1457
272
1165
368
1805
272
589
702
1563
256
717
16
989
256
824
411
1491
256
1164
52
1472
256
1361
236
1853
256
1212
200
1668
256
912
17
1185
256
963
364
1583
256
729
39
1024
256
1108
689
2053
272
740
28
1040
256
796
64
1116
272
995
26
1293
272
872
97
1241
272
820
110
1202
256
1379
226
1861
288
626
1851
2765
