0	272
1	256
2	272
3	256
4	272
5	256
6	256
7	288
8	256
9	256
10	272
11	256
12	256
13	256
14	256
15	272
16	256
17	256
18	272
19	256
20	256
21	288
22	256
23	256
24	256
25	288
26	272
27	256
28	256
29	256
30	256
31	256
32	272
33	288
34	256
35	272
36	256
37	304
38	256
39	256
40	272
41	256
42	288
43	272
44	256
45	256
46	256
47	272
48	256
49	272
50	272
51	272
52	256
53	272
54	256
55	272
56	256
57	256
58	256
59	256
60	256
61	272
62	272
63	256
64	256
65	256
66	256
67	272
68	256
69	256
70	272
71	256
72	272
73	272
74	272
75	304
76	256
77	288
78	272
79	256
80	256
81	256
82	288
83	272
84	256
85	288
86	272
87	272
88	256
89	256
90	272
91	256
92	272
93	272
94	272
95	288
96	272
97	256
98	256
99	272
100	272
101	256
102	256
103	304
104	272
105	272
106	272
107	288
108	256
109	288
110	256
111	272
112	256
113	272
114	272
115	272
116	256
117	256
118	272
119	288
120	272
121	256
122	256
123	288
124	272
125	272
126	256
127	256
128	256
129	256
130	256
131	256
132	272
133	256
134	288
135	256
136	272
137	256
138	256
139	272
140	272
141	256
142	256
143	272
144	256
145	288
146	272
147	256
148	272
149	256
150	256
151	272
152	256
153	288
154	256
155	272
156	272
157	256
158	304
159	256
160	288
161	256
162	288
163	288
164	288
165	256
166	272
167	256
168	256
169	288
170	256
171	256
172	256
173	256
174	256
175	272
176	272
177	272
178	256
179	256
180	272
181	288
182	272
183	272
184	272
185	288
186	256
187	272
188	256
189	256
190	272
191	256
192	256
193	272
194	272
195	304
196	256
197	288
198	256
199	272
200	256
201	256
202	272
203	272
204	256
205	256
206	256
207	272
208	256
209	272
210	256
211	256
212	256
213	272
214	272
215	256
216	304
217	256
218	256
219	256
220	256
221	272
222	256
223	256
224	256
225	256
226	256
227	256
228	256
229	272
230	272
231	288
232	256
233	256
234	256
235	288
236	272
237	256
238	256
239	256
240	272
241	272
242	256
243	256
244	256
245	256
246	256
247	272
248	256
249	256
250	272
251	272
252	256
253	256
254	272
255	272
256	256
257	272
258	256
259	272
260	256
261	272
262	256
263	288
264	256
265	272
266	272
267	272
268	256
269	272
270	272
271	256
272	272
273	272
274	272
275	256
276	272
277	288
278	256
279	256
280	320
281	256
282	272
283	272
284	256
285	256
286	256
287	272
288	256
289	256
290	272
291	256
292	256
293	256
294	304
295	272
296	272
297	256
298	256
299	256
300	256
301	256
302	256
303	256
304	256
305	272
306	256
307	272
308	256
309	256
310	272
311	256
312	256
313	256
314	272
315	272
316	256
317	256
318	256
319	272
320	288
321	272
322	256
323	256
324	272
325	256
326	272
327	256
328	272
329	272
330	256
331	288
332	256
333	256
334	272
335	256
336	288
337	256
338	272
339	256
340	272
341	256
342	256
343	256
344	256
345	256
346	272
347	256
348	256
349	272
350	256
351	256
352	256
353	272
354	256
355	272
356	272
357	272
358	256
359	272
360	256
361	256
362	256
363	256
364	256
365	272
366	272
367	272
368	256
369	256
370	256
371	272
372	256
373	256
374	256
375	272
376	256
377	272
378	256
379	272
380	272
381	256
382	304
383	256
384	272
385	272
386	256
387	272
388	256
389	256
390	256
391	256
392	272
393	288
394	256
395	272
396	256
397	256
398	256
399	256
400	256
401	272
402	304
403	320
404	256
405	256
406	256
407	272
408	256
409	256
410	256
411	256
412	256
413	256
414	256
415	256
416	288
417	272
418	256
419	256
420	256
421	256
422	256
423	256
424	256
425	256
426	272
427	256
428	288
429	256
430	272
431	256
432	256
433	256
434	256
435	272
436	256
437	272
438	256
439	256
440	272
441	256
442	256
443	256
444	272
445	256
446	256
447	256
448	256
449	272
450	256
451	272
452	256
453	256
454	256
455	256
456	256
457	272
458	256
459	256
460	272
461	256
462	272
463	256
464	256
465	256
466	256
467	272
468	256
469	256
470	256
471	272
472	272
473	256
474	256
475	256
476	288
477	256
478	272
479	256
480	256
481	256
482	272
483	256
484	288
485	256
486	256
487	256
488	272
489	256
490	256
491	256
492	256
493	256
494	272
495	256
496	256
497	288
498	272
499	256
500	256
501	304
502	256
503	256
504	304
505	256
506	256
507	272
508	256
509	272
510	256
511	256
512	272
513	256
514	256
515	272
516	256
517	256
518	256
519	272
520	272
521	288
522	288
523	272
524	256
525	288
526	256
527	256
528	256
529	272
530	256
531	288
532	272
533	256
534	288
535	272
536	256
537	256
538	288
539	272
540	288
541	256
542	256
543	256
544	256
545	272
546	256
547	256
548	288
549	256
550	256
551	256
552	272
553	256
554	256
555	272
556	256
557	256
558	272
559	256
560	288
561	272
562	256
563	256
564	256
565	272
566	272
567	256
568	256
569	256
570	256
571	272
572	256
573	304
574	272
575	272
576	288
577	256
578	256
579	272
580	256
581	272
582	272
583	288
584	256
585	256
586	272
587	256
588	256
589	288
590	272
591	272
592	256
593	256
594	256
595	304
596	256
597	272
598	256
599	256
600	256
601	272
602	288
603	256
604	304
605	272
606	288
607	256
608	272
609	256
610	304
611	256
612	256
613	288
614	272
615	256
616	256
617	272
618	272
619	256
620	256
621	272
622	256
623	272
624	256
625	272
626	256
627	272
628	256
629	256
630	288
631	256
632	256
633	256
634	256
635	256
636	256
637	272
638	256
639	288
640	272
641	256
642	320
643	272
644	256
645	272
646	256
647	256
648	288
649	256
650	256
651	256
652	256
653	256
654	304
655	256
656	256
657	256
658	256
659	288
660	256
661	272
662	256
663	272
664	256
665	272
666	256
667	256
668	272
669	272
670	272
671	272
672	256
673	256
674	256
675	288
676	272
677	288
678	272
679	288
680	256
681	272
682	288
683	272
684	256
685	288
686	256
687	256
688	256
689	256
690	256
691	256
692	256
693	256
694	272
695	256
696	272
697	256
698	272
699	272
700	256
701	272
702	272
703	256
704	256
705	256
706	256
707	304
708	288
709	272
710	256
711	256
712	288
713	256
714	272
715	256
716	256
717	256
718	256
719	256
720	256
721	288
722	256
723	256
724	256
725	256
726	256
727	304
728	272
729	256
730	256
731	256
732	304
733	272
734	256
735	256
736	256
737	256
738	256
739	256
740	272
741	288
742	256
743	272
744	256
745	256
746	288
747	272
748	256
749	256
750	256
751	288
752	256
753	272
754	272
755	272
756	256
757	272
758	256
759	256
760	256
761	256
762	256
763	256
764	272
765	272
766	256
767	272
768	256
769	256
770	256
771	272
772	256
773	256
774	272
775	272
776	272
777	256
778	272
779	256
780	272
781	256
782	256
783	256
784	272
785	272
786	272
787	288
788	272
789	304
790	256
791	256
792	256
793	272
794	272
795	256
796	272
797	256
798	272
799	272
800	272
801	256
802	256
803	256
804	256
805	256
806	256
807	256
808	272
809	272
810	256
811	256
812	288
813	272
814	256
815	272
816	272
817	272
818	272
819	272
820	272
821	272
822	256
823	256
824	256
825	256
826	256
827	272
828	256
829	256
830	256
831	256
832	256
833	272
834	256
835	256
836	256
837	272
838	256
839	272
840	256
841	256
842	256
843	256
844	256
845	288
846	256
847	272
848	256
849	256
850	272
851	272
852	288
853	272
854	272
855	256
856	272
857	256
858	256
859	256
860	256
861	272
862	272
863	256
864	256
865	256
866	256
867	272
868	272
869	256
870	256
871	256
872	272
873	256
874	256
875	256
876	256
877	256
878	256
879	256
880	256
881	256
882	256
883	272
884	272
885	256
886	304
887	256
888	256
889	256
890	272
891	256
892	272
893	272
894	256
895	256
896	272
897	272
898	256
899	256
900	256
901	256
902	256
903	256
904	272
905	272
906	256
907	256
908	272
909	272
910	256
911	256
912	256
913	288
914	256
915	304
916	288
917	272
918	256
919	272
920	256
921	272
922	272
923	256
924	256
925	256
926	256
927	256
928	256
929	272
930	256
931	256
932	256
933	256
934	288
935	272
936	272
937	288
938	272
939	256
940	288
941	256
942	256
943	256
944	304
945	256
946	256
947	256
948	256
949	288
950	256
951	256
952	272
953	256
954	256
955	256
956	272
957	272
958	256
959	272
960	256
961	256
962	256
963	288
964	256
965	256
966	272
967	272
968	256
969	256
970	272
971	256
972	256
973	272
974	256
975	256
976	256
977	256
978	256
979	272
980	288
981	256
982	256
983	288
984	272
985	272
986	272
987	256
988	256
989	288
990	256
991	256
992	272
993	272
994	256
995	256
996	256
997	256
998	272
999	256
1000	256
1001	256
1002	256
1003	256
1004	288
1005	272
1006	256
1007	272
1008	288
1009	256
1010	256
1011	256
1012	256
1013	256
1014	272
1015	256
1016	256
1017	256
1018	288
1019	272
1020	272
1021	288
1022	288
1023	256
1024	288
1025	256
1026	256
1027	256
1028	256
1029	272
1030	256
1031	272
1032	272
1033	256
1034	272
1035	272
1036	256
1037	256
1038	256
1039	256
1040	256
1041	256
1042	256
1043	256
1044	272
1045	256
1046	272
1047	256
1048	272
1049	256
1050	288
1051	256
1052	272
1053	272
1054	256
1055	272
1056	304
1057	272
1058	256
1059	272
1060	288
1061	256
1062	272
1063	272
1064	256
1065	256
1066	256
1067	272
1068	256
1069	256
1070	256
1071	320
1072	256
1073	272
1074	272
1075	288
1076	256
1077	272
1078	272
1079	272
1080	256
1081	256
1082	256
1083	256
1084	272
1085	256
1086	256
1087	256
1088	256
1089	256
1090	256
1091	256
1092	288
1093	256
1094	256
1095	272
1096	256
1097	272
1098	256
1099	272
1100	304
1101	288
1102	256
1103	304
1104	256
1105	256
1106	272
1107	272
1108	272
1109	256
1110	256
1111	288
1112	256
1113	256
1114	256
1115	272
1116	256
1117	256
1118	256
1119	288
1120	272
1121	288
1122	256
1123	288
1124	272
1125	256
1126	256
1127	272
1128	256
1129	272
1130	256
1131	256
1132	256
1133	288
1134	272
1135	256
1136	256
1137	272
1138	256
1139	304
1140	256
1141	288
1142	256
1143	256
1144	272
1145	256
1146	256
1147	272
1148	272
1149	272
1150	272
1151	256
1152	256
1153	256
1154	256
1155	256
1156	256
1157	256
1158	256
1159	256
1160	272
1161	272
1162	304
1163	272
1164	256
1165	288
1166	272
1167	256
1168	288
1169	256
1170	256
1171	272
1172	256
1173	288
1174	256
1175	304
1176	272
1177	256
1178	272
1179	256
1180	256
1181	256
1182	288
1183	256
1184	272
1185	256
1186	256
1187	256
1188	272
1189	272
1190	272
1191	288
1192	272
1193	256
1194	256
1195	288
1196	288
1197	256
1198	256
1199	272
1200	256
1201	256
1202	256
1203	288
1204	256
1205	256
1206	256
1207	288
1208	256
1209	272
1210	256
1211	256
1212	272
1213	256
1214	256
1215	272
1216	272
1217	272
1218	256
1219	272
1220	272
1221	256
1222	272
1223	272
1224	256
1225	304
1226	256
1227	272
1228	256
1229	272
1230	256
1231	256
1232	256
1233	256
1234	272
1235	272
1236	272
1237	288
1238	256
1239	272
1240	272
1241	256
1242	272
1243	256
1244	256
1245	256
1246	272
1247	256
1248	272
1249	256
1250	256
1251	256
1252	256
1253	272
1254	304
1255	256
1256	272
1257	272
1258	272
1259	256
1260	256
1261	288
1262	272
1263	256
1264	272
1265	256
1266	256
1267	256
1268	256
1269	272
1270	256
1271	256
1272	256
1273	288
1274	256
1275	256
1276	256
1277	272
1278	288
1279	256
1280	272
1281	256
1282	256
1283	256
1284	256
1285	256
1286	272
1287	272
1288	256
1289	256
1290	288
1291	256
1292	256
1293	256
1294	256
1295	256
1296	256
1297	256
1298	256
1299	304
1300	256
1301	256
1302	256
1303	272
1304	256
1305	256
1306	256
1307	272
1308	272
1309	256
1310	288
1311	256
1312	256
1313	272
1314	256
1315	256
1316	272
1317	256
1318	256
1319	256
1320	272
1321	256
1322	288
1323	256
1324	256
1325	272
1326	256
1327	256
1328	272
1329	272
1330	256
1331	272
1332	256
1333	256
1334	256
1335	272
1336	320
1337	288
1338	256
1339	272
1340	256
1341	256
1342	288
1343	272
1344	256
1345	256
1346	256
1347	272
1348	288
1349	272
1350	256
1351	256
1352	272
1353	256
1354	256
1355	272
1356	256
1357	256
1358	256
1359	272
1360	256
1361	256
1362	256
1363	272
1364	256
1365	256
1366	256
1367	256
1368	272
1369	256
1370	288
1371	256
1372	304
1373	256
1374	272
1375	256
1376	288
1377	272
1378	256
1379	272
1380	256
1381	288
1382	256
1383	272
1384	256
1385	256
1386	256
1387	272
1388	256
1389	256
1390	256
1391	272
1392	256
1393	256
1394	256
1395	288
1396	256
1397	272
1398	256
1399	304
1400	288
1401	272
1402	336
1403	272
1404	256
1405	256
1406	256
1407	272
1408	256
1409	272
1410	256
1411	288
1412	256
1413	272
1414	256
1415	272
1416	256
1417	256
1418	256
1419	256
1420	272
1421	256
1422	256
1423	256
1424	256
1425	256
1426	256
1427	288
1428	272
1429	256
1430	256
1431	256
1432	256
1433	256
1434	256
1435	272
1436	288
1437	256
1438	256
1439	304
1440	256
1441	272
1442	272
1443	256
1444	256
1445	256
1446	272
1447	256
1448	256
1449	272
1450	256
1451	256
1452	256
1453	256
1454	256
1455	256
1456	288
1457	256
1458	272
1459	272
1460	272
1461	256
1462	272
1463	256
1464	272
1465	256
1466	256
1467	272
1468	272
1469	256
1470	256
1471	256
1472	256
1473	272
1474	256
1475	256
1476	272
1477	256
1478	256
1479	304
1480	256
1481	272
1482	256
1483	256
1484	256
1485	256
1486	272
1487	256
1488	256
1489	256
1490	256
1491	256
1492	272
1493	272
1494	272
1495	256
1496	256
1497	272
1498	256
1499	272
1500	272
1501	256
1502	256
1503	272
1504	288
1505	256
1506	304
1507	288
1508	272
1509	272
1510	256
1511	256
1512	256
1513	256
1514	272
1515	272
1516	288
1517	256
1518	256
1519	256
1520	304
1521	288
1522	256
1523	256
1524	256
1525	256
1526	272
1527	272
1528	256
1529	272
1530	272
1531	256
1532	272
1533	256
1534	256
1535	272
1536	272
1537	256
1538	256
1539	272
1540	256
1541	256
1542	256
1543	272
1544	256
1545	288
1546	256
1547	256
1548	272
1549	272
1550	304
1551	272
1552	272
1553	256
1554	272
1555	256
1556	256
1557	256
1558	256
1559	256
1560	256
1561	256
1562	272
1563	256
1564	256
1565	272
1566	256
1567	256
1568	256
1569	256
1570	256
1571	256
1572	256
1573	256
1574	272
1575	272
1576	256
1577	256
1578	272
1579	256
1580	256
1581	256
1582	272
1583	256
1584	288
1585	256
1586	256
1587	256
1588	256
1589	288
1590	304
1591	272
1592	256
1593	272
1594	272
1595	272
1596	256
1597	256
1598	272
1599	256
1600	256
1601	288
1602	256
1603	256
1604	288
1605	288
1606	272
1607	256
1608	256
1609	272
1610	256
1611	256
1612	256
1613	304
1614	256
1615	272
1616	256
1617	272
1618	256
1619	272
1620	256
1621	272
1622	256
1623	272
1624	256
1625	256
1626	272
1627	256
1628	272
1629	272
1630	288
1631	288
1632	272
1633	272
1634	256
1635	256
1636	256
1637	256
1638	256
1639	288
1640	256
1641	256
1642	256
1643	272
1644	256
1645	272
1646	272
1647	256
1648	256
1649	272
1650	256
1651	272
1652	272
1653	256
1654	256
1655	256
1656	272
1657	272
1658	256
1659	256
1660	272
1661	272
1662	256
1663	288
1664	256
1665	256
1666	272
1667	272
1668	272
1669	256
1670	288
1671	272
1672	256
1673	272
1674	272
1675	256
1676	288
1677	272
1678	256
1679	256
1680	272
1681	256
1682	272
1683	256
1684	256
1685	304
1686	256
1687	272
1688	272
1689	256
1690	256
1691	256
1692	304
1693	256
1694	272
1695	256
1696	256
1697	288
1698	256
1699	272
1700	256
1701	256
1702	256
1703	288
1704	256
1705	272
1706	272
1707	256
1708	256
1709	256
1710	256
1711	304
1712	272
1713	256
1714	256
1715	256
1716	256
1717	256
1718	272
1719	272
1720	256
1721	256
1722	272
1723	256
1724	256
1725	256
1726	288
1727	288
1728	288
1729	288
1730	256
1731	256
1732	256
1733	256
1734	256
1735	288
1736	256
1737	272
1738	272
1739	256
1740	272
1741	256
1742	256
1743	288
1744	256
1745	272
1746	256
1747	256
1748	304
1749	272
1750	256
1751	256
1752	256
1753	272
1754	256
1755	272
1756	256
1757	272
1758	256
1759	256
1760	256
1761	272
1762	256
1763	272
1764	288
1765	272
1766	272
1767	288
1768	256
1769	256
1770	272
1771	256
1772	272
1773	256
1774	304
1775	256
1776	272
1777	272
1778	272
1779	256
1780	272
1781	256
1782	304
1783	256
1784	256
1785	256
1786	256
1787	256
1788	288
1789	272
1790	256
1791	272
1792	256
1793	256
1794	256
1795	272
1796	256
1797	256
1798	272
1799	256
1800	256
1801	288
1802	288
1803	256
1804	256
1805	256
1806	256
1807	256
1808	256
1809	272
1810	256
1811	256
1812	256
1813	272
1814	256
1815	256
1816	272
1817	256
1818	256
1819	272
1820	272
1821	256
1822	256
1823	256
1824	272
1825	272
1826	272
1827	256
1828	256
1829	256
1830	272
1831	256
1832	272
1833	272
1834	272
1835	272
1836	256
1837	256
1838	272
1839	256
1840	272
1841	288
1842	256
1843	256
1844	272
1845	256
1846	256
1847	256
1848	256
1849	320
1850	256
1851	272
1852	304
1853	272
1854	256
1855	288
1856	256
1857	272
1858	256
1859	288
1860	256
1861	256
1862	256
1863	272
1864	272
1865	256
1866	256
1867	256
1868	256
1869	256
1870	272
1871	256
1872	256
1873	256
1874	272
1875	256
1876	272
1877	272
1878	272
1879	272
1880	272
1881	256
1882	272
1883	256
1884	272
1885	304
1886	256
1887	256
1888	256
1889	272
1890	256
1891	256
1892	256
1893	272
1894	288
1895	272
1896	256
1897	272
1898	256
1899	256
1900	256
1901	256
1902	272
1903	272
1904	256
1905	256
1906	256
1907	288
1908	256
1909	272
1910	272
1911	256
1912	288
1913	256
1914	304
1915	256
1916	256
1917	256
1918	256
1919	256
1920	272
1921	272
1922	272
1923	272
1924	272
1925	256
1926	256
1927	272
1928	256
1929	256
1930	256
1931	272
1932	256
1933	256
1934	256
1935	256
1936	272
1937	272
1938	256
1939	288
1940	256
1941	272
1942	256
1943	288
1944	272
1945	256
1946	256
1947	256
1948	272
1949	272
1950	256
1951	272
1952	256
1953	256
1954	256
1955	256
1956	272
1957	256
1958	256
1959	272
1960	288
1961	272
1962	256
1963	304
1964	272
1965	256
1966	256
1967	256
1968	272
1969	272
1970	272
1971	272
1972	288
1973	256
1974	288
1975	272
1976	272
1977	272
1978	288
1979	256
1980	256
1981	272
1982	272
1983	272
1984	272
1985	256
1986	272
1987	256
1988	256
1989	256
1990	272
1991	256
1992	256
1993	256
1994	272
1995	272
1996	272
1997	272
1998	256
1999	272
2000	272
2001	256
2002	256
2003	256
2004	272
2005	256
2006	256
2007	256
2008	288
2009	272
2010	272
2011	272
2012	272
2013	272
2014	272
2015	256
2016	256
2017	272
2018	304
2019	256
2020	256
2021	256
2022	256
2023	256
2024	288
2025	256
2026	272
2027	256
2028	256
2029	256
2030	256
2031	272
2032	288
2033	256
2034	256
2035	256
2036	256
2037	256
2038	272
2039	272
2040	256
2041	256
2042	288
2043	272
2044	288
2045	256
2046	256
2047	256
2048	256
2049	272
2050	256
2051	256
2052	256
2053	256
2054	256
2055	256
2056	272
2057	256
2058	256
2059	272
2060	256
2061	256
2062	256
2063	256
2064	256
2065	272
2066	256
2067	288
2068	272
2069	272
2070	256
2071	272
2072	256
2073	272
2074	256
2075	256
2076	288
2077	256
2078	288
2079	288
2080	256
2081	272
2082	272
2083	256
2084	256
2085	256
2086	304
2087	288
2088	272
2089	256
2090	256
2091	272
2092	272
2093	256
2094	256
2095	272
2096	256
2097	256
2098	256
2099	272
2100	256
2101	256
2102	256
2103	256
2104	272
2105	256
2106	256
2107	288
2108	256
2109	256
2110	256
2111	256
2112	272
2113	272
2114	256
2115	256
2116	272
2117	288
2118	304
2119	272
2120	288
2121	272
2122	288
2123	256
2124	272
2125	256
2126	256
2127	256
2128	256
2129	256
2130	256
2131	272
2132	272
2133	256
2134	256
2135	272
2136	256
2137	272
2138	256
2139	272
2140	272
2141	256
2142	256
2143	256
2144	272
2145	272
2146	272
2147	256
2148	256
2149	272
2150	256
2151	256
2152	256
2153	272
2154	256
2155	256
2156	272
2157	256
2158	272
2159	256
2160	272
2161	256
2162	256
2163	256
2164	256
2165	256
2166	256
2167	256
2168	256
2169	256
2170	288
2171	256
2172	272
2173	320
2174	272
2175	272
2176	256
2177	256
2178	256
2179	272
2180	256
2181	256
2182	288
2183	256
2184	304
2185	272
2186	272
2187	272
2188	256
2189	288
2190	256
2191	272
2192	256
2193	272
2194	272
2195	256
2196	256
2197	256
2198	288
2199	288
2200	256
2201	256
2202	256
2203	256
2204	256
2205	256
2206	304
2207	256
2208	256
2209	272
2210	272
2211	256
2212	256
2213	272
2214	272
2215	256
2216	256
2217	256
2218	256
2219	256
2220	272
2221	256
2222	288
2223	256
2224	256
2225	256
2226	272
2227	256
2228	256
2229	256
2230	256
2231	272
2232	256
2233	256
2234	272
2235	256
2236	256
2237	256
2238	272
2239	256
2240	272
2241	256
2242	256
2243	256
2244	272
2245	256
2246	256
2247	256
2248	272
2249	256
2250	256
2251	272
2252	256
2253	256
2254	288
2255	256
2256	272
2257	272
2258	272
2259	256
2260	288
2261	272
2262	288
2263	272
2264	272
2265	304
2266	304
2267	272
2268	272
2269	256
2270	272
2271	304
2272	288
2273	256
2274	256
2275	256
2276	256
2277	288
2278	256
2279	256
2280	272
2281	272
2282	256
2283	272
2284	256
2285	272
2286	272
2287	288
2288	256
2289	288
2290	256
2291	256
2292	256
2293	256
2294	272
2295	256
2296	288
2297	272
2298	288
2299	256
2300	256
2301	256
2302	256
2303	256
2304	256
2305	272
2306	272
2307	256
2308	304
2309	256
2310	256
2311	256
2312	256
2313	272
2314	256
2315	256
2316	288
2317	256
2318	272
2319	272
2320	256
2321	288
2322	320
2323	256
2324	272
2325	256
2326	256
2327	256
2328	256
2329	272
2330	256
2331	272
2332	256
2333	256
2334	256
2335	256
2336	256
2337	256
2338	256
2339	256
2340	256
2341	256
2342	256
2343	256
2344	256
2345	272
2346	256
2347	256
2348	288
2349	256
2350	256
2351	288
2352	288
2353	256
2354	256
2355	256
2356	256
2357	256
2358	256
2359	256
2360	272
2361	272
2362	272
2363	256
2364	256
2365	256
2366	256
2367	272
2368	272
2369	256
2370	256
2371	256
2372	272
2373	256
2374	256
2375	272
2376	256
2377	272
2378	256
2379	256
2380	288
2381	256
2382	288
2383	256
2384	256
2385	256
2386	256
2387	272
2388	256
2389	272
2390	272
2391	272
2392	256
2393	256
2394	272
2395	256
2396	256
2397	256
2398	256
2399	272
2400	256
2401	272
2402	256
2403	272
2404	272
2405	272
2406	256
2407	256
2408	272
2409	272
2410	256
2411	272
2412	272
2413	272
2414	256
2415	256
2416	304
2417	256
2418	256
2419	256
2420	272
2421	256
2422	256
2423	256
2424	320
2425	256
2426	256
2427	256
2428	256
2429	256
2430	256
2431	288
2432	256
2433	272
2434	256
2435	256
2436	256
2437	256
2438	272
2439	256
2440	256
2441	256
2442	272
2443	272
2444	272
2445	288
2446	256
2447	256
2448	256
2449	272
2450	256
2451	272
2452	256
2453	272
2454	256
2455	272
2456	256
2457	256
2458	256
2459	256
2460	272
2461	272
2462	256
2463	256
2464	272
2465	256
2466	272
2467	272
2468	256
2469	288
2470	256
2471	288
2472	304
2473	256
2474	256
2475	272
2476	256
2477	272
2478	272
2479	256
2480	256
2481	256
2482	256
2483	256
2484	256
2485	256
2486	256
2487	272
2488	272
2489	256
2490	256
2491	256
2492	256
2493	256
2494	256
2495	256
2496	256
2497	272
2498	256
2499	256
2500	256
2501	256
2502	256
2503	256
2504	288
2505	256
2506	272
2507	272
2508	256
2509	256
2510	256
2511	256
2512	288
2513	272
2514	256
2515	272
2516	272
2517	272
2518	256
2519	256
2520	288
2521	304
2522	256
2523	272
2524	272
2525	256
2526	256
2527	256
2528	272
2529	256
2530	256
2531	256
2532	256
2533	272
2534	256
2535	272
2536	288
2537	256
2538	256
2539	256
2540	272
2541	256
2542	256
2543	288
2544	272
2545	256
2546	256
2547	272
2548	256
2549	272
2550	272
2551	256
2552	256
2553	272
2554	256
2555	256
2556	272
2557	256
2558	272
2559	256
2560	256
2561	256
2562	256
2563	256
2564	256
2565	256
2566	272
2567	272
2568	272
2569	288
2570	256
2571	256
2572	288
2573	272
2574	256
2575	272
2576	256
2577	272
2578	256
2579	256
2580	272
2581	272
2582	272
2583	256
2584	320
2585	256
2586	256
2587	256
2588	272
2589	272
2590	256
2591	256
2592	256
2593	256
2594	272
2595	288
2596	256
2597	256
2598	256
2599	256
2600	272
2601	256
2602	256
2603	272
2604	288
2605	256
2606	256
2607	256
2608	256
2609	256
2610	256
2611	272
2612	272
2613	256
2614	256
2615	256
2616	272
2617	288
2618	272
2619	272
2620	256
2621	256
2622	272
2623	272
2624	256
2625	256
2626	256
2627	256
2628	256
2629	256
2630	272
2631	288
2632	272
2633	256
2634	288
2635	272
2636	256
2637	272
2638	256
2639	256
2640	272
2641	272
2642	256
2643	272
2644	256
2645	304
2646	256
2647	256
2648	272
2649	256
2650	256
2651	256
2652	272
2653	288
2654	256
2655	256
2656	256
2657	256
2658	272
2659	256
2660	272
2661	272
2662	256
2663	320
2664	256
2665	256
2666	256
2667	272
2668	272
2669	256
2670	256
2671	256
2672	272
2673	256
2674	256
2675	256
2676	256
2677	256
2678	256
2679	272
2680	256
2681	256
2682	256
2683	256
2684	256
2685	288
2686	256
2687	288
2688	256
2689	272
2690	272
2691	272
2692	272
2693	256
2694	256
2695	272
2696	272
2697	256
2698	256
2699	256
2700	256
2701	256
2702	256
2703	256
2704	256
2705	288
2706	256
2707	256
2708	272
2709	256
2710	256
2711	256
2712	256
2713	272
2714	256
2715	272
2716	256
2717	272
2718	256
2719	256
2720	256
2721	288
2722	256
2723	256
2724	256
2725	256
2726	304
2727	272
2728	256
2729	256
2730	272
2731	272
2732	256
2733	272
2734	256
2735	256
2736	288
2737	256
2738	256
2739	256
2740	272
2741	288
2742	256
2743	272
2744	256
2745	256
2746	272
2747	256
2748	256
2749	272
2750	256
2751	272
2752	256
2753	272
2754	256
2755	256
2756	272
2757	272
2758	256
2759	272
2760	256
2761	256
2762	256
2763	272
2764	256
2765	256
2766	256
2767	256
2768	272
2769	272
2770	272
2771	256
2772	256
2773	256
2774	256
2775	272
2776	256
2777	256
2778	256
2779	256
2780	256
2781	256
2782	288
2783	272
2784	272
2785	256
2786	256
2787	256
2788	272
2789	256
2790	256
2791	256
2792	256
2793	256
2794	272
2795	256
2796	272
2797	256
2798	272
2799	272
2800	272
2801	256
2802	256
2803	256
2804	272
2805	304
2806	256
2807	256
2808	272
2809	256
2810	256
2811	272
2812	256
2813	256
2814	272
2815	256
2816	256
2817	272
2818	272
2819	256
2820	256
2821	256
2822	256
2823	256
2824	256
2825	256
2826	272
2827	256
2828	272
2829	288
2830	256
2831	256
2832	256
2833	304
2834	256
2835	256
2836	256
2837	256
2838	272
2839	272
2840	256
2841	272
2842	256
2843	256
2844	256
2845	256
2846	256
2847	256
2848	256
2849	256
2850	288
2851	256
2852	256
2853	256
2854	272
2855	272
2856	256
2857	256
2858	256
2859	256
2860	272
2861	256
2862	256
2863	288
2864	272
2865	256
2866	256
2867	256
2868	256
2869	256
2870	256
2871	256
2872	256
2873	256
2874	256
2875	256
2876	256
2877	272
2878	256
2879	256
2880	256
2881	256
2882	256
2883	272
2884	256
2885	288
2886	256
2887	256
2888	256
2889	272
2890	256
2891	272
2892	272
2893	256
2894	256
2895	256
2896	256
2897	256
2898	256
2899	256
2900	256
2901	256
2902	304
2903	256
2904	256
2905	256
2906	272
2907	256
2908	256
2909	288
2910	256
2911	256
2912	288
2913	288
2914	288
2915	256
2916	272
2917	256
2918	288
2919	272
2920	272
2921	256
2922	272
2923	256
2924	256
2925	256
2926	304
2927	256
2928	256
2929	256
2930	256
2931	256
2932	272
2933	256
2934	272
2935	272
2936	304
2937	256
2938	272
2939	272
2940	256
2941	288
2942	272
2943	256
2944	304
2945	272
2946	256
2947	256
2948	256
2949	256
2950	256
2951	256
2952	256
2953	256
2954	256
2955	272
2956	272
2957	288
2958	272
2959	272
2960	256
2961	272
2962	256
2963	256
2964	272
2965	256
2966	256
2967	256
2968	256
2969	288
2970	272
2971	256
2972	256
2973	256
2974	256
2975	272
2976	256
2977	256
2978	256
2979	272
2980	256
2981	256
2982	256
2983	256
2984	272
2985	256
2986	256
2987	256
2988	288
2989	272
2990	256
2991	304
2992	272
2993	256
2994	256
2995	256
2996	272
2997	272
2998	256
2999	256
3000	256
3001	256
3002	256
3003	288
3004	256
3005	288
3006	256
3007	256
3008	256
3009	272
3010	256
3011	272
3012	256
3013	256
3014	272
3015	272
3016	272
3017	304
3018	272
3019	256
3020	256
3021	256
3022	256
3023	288
3024	272
3025	272
3026	272
3027	256
3028	256
3029	256
3030	256
3031	256
3032	288
3033	320
3034	256
3035	272
3036	256
3037	256
3038	272
3039	288
3040	256
3041	304
3042	256
3043	272
3044	256
3045	272
3046	256
3047	272
3048	272
3049	256
3050	272
3051	288
3052	256
3053	256
3054	304
3055	288
3056	272
3057	272
3058	256
3059	256
3060	272
3061	256
3062	256
3063	304
3064	272
3065	304
3066	256
3067	256
3068	256
3069	272
3070	256
3071	256
3072	272
3073	256
3074	256
3075	272
3076	288
3077	256
3078	256
3079	272
3080	288
3081	320
3082	304
3083	256
3084	304
3085	272
3086	304
3087	256
3088	272
3089	256
3090	304
3091	256
3092	256
3093	256
3094	256
3095	256
3096	256
3097	256
3098	288
3099	256
3100	256
3101	256
3102	272
3103	272
3104	256
3105	256
3106	256
3107	256
3108	256
3109	256
3110	272
3111	256
3112	288
3113	272
3114	256
3115	256
3116	256
3117	272
3118	272
3119	272
3120	256
3121	256
3122	272
3123	272
3124	288
3125	256
3126	256
3127	272
3128	256
3129	256
3130	272
3131	256
3132	256
3133	256
3134	256
3135	256
3136	256
3137	256
3138	256
3139	256
3140	272
3141	256
3142	288
3143	288
3144	256
3145	256
3146	288
3147	272
3148	304
3149	304
3150	272
3151	304
3152	272
3153	256
3154	256
3155	256
3156	272
3157	272
3158	256
3159	256
3160	256
3161	256
3162	288
3163	256
3164	256
3165	256
3166	272
3167	256
3168	256
3169	256
3170	256
3171	256
3172	272
3173	256
3174	256
3175	304
3176	256
3177	272
3178	256
3179	272
3180	272
3181	272
3182	272
3183	272
3184	256
3185	256
3186	256
3187	256
3188	256
3189	272
3190	256
3191	256
3192	256
3193	272
3194	256
3195	256
3196	256
3197	272
3198	272
3199	256
3200	256
3201	272
3202	256
3203	272
3204	304
3205	256
3206	272
3207	256
3208	272
3209	272
3210	272
3211	272
3212	256
3213	272
3214	272
3215	256
3216	272
3217	256
3218	256
3219	256
3220	256
3221	256
3222	256
3223	256
3224	256
3225	256
3226	256
3227	272
3228	256
3229	256
3230	256
3231	272
3232	256
3233	304
3234	288
3235	272
3236	256
3237	256
3238	272
3239	272
3240	256
3241	272
3242	256
3243	288
3244	272
3245	272
3246	256
3247	256
3248	288
3249	272
3250	256
3251	256
3252	272
3253	272
3254	256
3255	256
3256	256
3257	272
3258	256
3259	272
3260	272
3261	256
3262	256
3263	256
3264	272
3265	256
3266	256
3267	256
3268	256
3269	256
3270	256
3271	272
3272	272
3273	256
3274	272
3275	256
3276	272
3277	288
3278	272
3279	256
3280	272
3281	256
3282	256
3283	256
3284	256
3285	256
3286	256
3287	256
3288	272
3289	256
3290	256
3291	256
3292	256
3293	256
3294	256
3295	256
3296	256
3297	272
3298	288
3299	272
3300	272
3301	272
3302	272
3303	272
3304	272
3305	256
3306	256
3307	256
3308	256
3309	256
3310	272
3311	272
3312	256
3313	256
3314	272
3315	288
3316	256
3317	272
3318	256
3319	288
3320	256
3321	256
3322	256
3323	272
3324	256
3325	256
3326	272
3327	288
3328	256
3329	304
3330	272
3331	272
3332	256
3333	256
3334	256
3335	256
3336	256
3337	256
3338	256
3339	256
3340	256
3341	288
3342	272
3343	272
3344	288
3345	256
3346	288
3347	256
3348	256
3349	256
3350	272
3351	256
3352	256
3353	256
3354	288
3355	272
3356	256
3357	256
3358	256
3359	256
3360	256
3361	288
3362	288
3363	256
3364	272
3365	272
3366	272
3367	272
3368	288
3369	256
3370	256
3371	272
3372	272
3373	256
3374	256
3375	256
3376	256
3377	272
3378	256
3379	272
3380	288
3381	272
3382	288
3383	272
3384	288
3385	256
3386	256
3387	256
3388	256
3389	256
3390	256
3391	256
3392	256
3393	272
3394	272
3395	256
3396	256
3397	256
3398	272
3399	288
3400	288
3401	288
3402	256
3403	272
3404	256
3405	272
3406	272
3407	256
3408	288
3409	272
3410	256
3411	256
3412	272
3413	256
3414	256
3415	272
3416	256
3417	256
3418	272
3419	256
3420	272
3421	256
3422	256
3423	256
3424	272
3425	272
3426	256
3427	304
3428	256
3429	272
3430	288
3431	256
3432	256
3433	256
3434	256
3435	256
3436	256
3437	288
3438	304
3439	272
3440	256
3441	256
3442	272
3443	272
3444	256
3445	256
3446	272
3447	272
3448	256
3449	256
3450	256
3451	256
3452	256
3453	256
3454	272
3455	256
3456	256
3457	256
3458	256
3459	256
3460	256
3461	256
3462	256
3463	272
3464	272
3465	256
3466	256
3467	256
3468	288
3469	256
3470	256
3471	256
3472	256
3473	256
3474	256
3475	272
3476	256
3477	272
3478	256
3479	272
3480	256
3481	272
3482	256
3483	288
3484	272
3485	256
3486	256
3487	256
3488	256
3489	256
3490	256
3491	272
3492	272
3493	256
3494	288
3495	256
3496	256
3497	256
3498	256
3499	272
3500	256
3501	272
3502	256
3503	272
3504	256
3505	256
3506	256
3507	288
3508	256
3509	256
3510	256
3511	256
3512	256
3513	272
3514	272
3515	256
3516	256
3517	288
3518	256
3519	272
3520	256
3521	256
3522	256
3523	272
3524	256
3525	256
3526	256
3527	256
3528	256
3529	256
3530	272
3531	256
3532	256
3533	256
3534	256
3535	256
3536	256
3537	256
3538	288
3539	256
3540	256
3541	272
3542	256
3543	256
3544	272
3545	272
3546	272
3547	256
3548	256
3549	256
3550	272
3551	272
3552	272
3553	288
3554	256
3555	256
3556	256
3557	256
3558	272
3559	272
3560	256
3561	272
3562	256
3563	272
3564	272
3565	256
3566	272
3567	256
3568	288
3569	272
3570	272
3571	256
3572	272
3573	272
3574	272
3575	256
3576	256
3577	256
3578	256
3579	256
3580	256
3581	272
3582	256
3583	256
3584	304
3585	272
3586	288
3587	272
3588	256
3589	272
3590	256
3591	256
3592	288
3593	256
3594	256
3595	256
3596	272
3597	256
3598	256
3599	272
3600	256
3601	256
3602	272
3603	256
3604	272
3605	272
3606	272
3607	288
3608	256
3609	272
3610	256
3611	272
3612	256
3613	272
3614	256
3615	256
3616	272
3617	272
3618	256
3619	256
3620	256
3621	256
3622	272
3623	288
3624	272
3625	256
3626	272
3627	256
3628	256
3629	256
3630	256
3631	256
3632	256
3633	256
3634	256
3635	272
3636	272
3637	256
3638	256
3639	256
3640	256
3641	256
3642	288
3643	288
3644	272
3645	256
3646	256
3647	272
3648	256
3649	256
3650	256
3651	256
3652	272
3653	256
3654	272
3655	272
3656	272
3657	256
3658	256
3659	288
3660	256
3661	256
3662	272
3663	272
3664	272
3665	272
3666	256
3667	256
3668	256
3669	256
3670	288
3671	256
3672	256
3673	256
3674	256
3675	256
3676	256
3677	256
3678	272
3679	256
3680	272
3681	272
3682	256
3683	256
3684	272
3685	272
3686	272
3687	272
3688	272
3689	256
3690	256
3691	256
3692	288
3693	272
3694	256
3695	256
3696	320
3697	256
3698	288
3699	256
3700	256
3701	256
3702	256
3703	256
3704	256
3705	256
3706	256
3707	256
3708	256
3709	256
3710	272
3711	256
3712	256
3713	288
3714	256
3715	272
3716	272
3717	256
3718	272
3719	256
3720	256
3721	256
3722	272
3723	256
3724	256
3725	288
3726	272
3727	256
3728	256
3729	272
3730	256
3731	256
3732	272
3733	256
3734	272
3735	256
3736	256
3737	256
3738	288
3739	256
3740	256
3741	256
3742	288
3743	272
3744	256
3745	256
3746	272
3747	256
3748	256
3749	272
3750	256
3751	256
3752	256
3753	272
3754	256
3755	256
3756	256
3757	256
3758	288
3759	256
3760	256
3761	288
3762	272
3763	256
3764	272
3765	256
3766	272
3767	288
3768	256
3769	256
3770	256
3771	272
3772	256
3773	304
3774	272
3775	256
3776	256
3777	256
3778	256
3779	256
3780	272
3781	256
3782	272
3783	256
3784	272
3785	272
3786	272
3787	256
3788	256
3789	256
3790	256
3791	288
3792	256
3793	272
3794	256
3795	256
3796	272
3797	256
3798	272
3799	256
3800	288
3801	256
3802	272
3803	288
3804	256
3805	256
3806	256
3807	256
3808	256
3809	288
3810	272
3811	272
3812	272
3813	256
3814	256
3815	256
3816	256
3817	272
3818	272
3819	256
3820	256
3821	272
3822	256
3823	256
3824	256
3825	256
3826	272
3827	272
3828	256
3829	256
3830	272
3831	256
3832	272
3833	272
3834	256
3835	256
3836	272
3837	256
3838	256
3839	272
3840	256
3841	256
3842	272
3843	272
3844	256
3845	256
3846	256
3847	256
3848	256
3849	288
3850	272
3851	256
3852	288
3853	256
3854	256
3855	288
3856	256
3857	256
3858	272
3859	256
3860	256
3861	256
3862	256
3863	256
3864	320
3865	272
3866	272
3867	272
3868	256
3869	256
3870	256
3871	272
3872	272
3873	272
3874	272
3875	272
3876	256
3877	272
3878	256
3879	256
3880	288
3881	272
3882	256
3883	288
3884	256
3885	256
3886	256
3887	288
3888	256
3889	272
3890	256
3891	272
3892	272
3893	272
3894	256
3895	256
3896	288
3897	256
3898	288
3899	256
3900	256
3901	256
3902	256
3903	256
3904	272
3905	272
3906	256
3907	256
3908	256
3909	256
3910	256
3911	256
3912	256
3913	256
3914	272
3915	256
3916	288
3917	288
3918	272
3919	256
3920	256
3921	272
3922	256
3923	272
3924	256
3925	256
3926	256
3927	256
3928	272
3929	256
3930	256
3931	256
3932	272
3933	256
3934	272
3935	256
3936	256
3937	256
3938	272
3939	256
3940	256
3941	288
3942	272
3943	272
3944	272
3945	256
3946	256
3947	272
3948	256
3949	272
3950	256
3951	256
3952	256
3953	256
3954	272
3955	256
3956	256
3957	256
3958	256
3959	256
3960	256
3961	256
3962	256
3963	272
3964	272
3965	256
3966	272
3967	288
3968	288
3969	288
3970	288
3971	272
3972	256
3973	272
3974	288
3975	256
3976	256
3977	288
3978	256
3979	272
3980	256
3981	304
3982	256
3983	256
3984	256
3985	272
3986	288
3987	288
3988	256
3989	272
3990	256
3991	272
3992	256
3993	256
3994	256
3995	272
3996	256
3997	272
3998	256
3999	256
4000	288
4001	256
4002	256
4003	272
4004	272
4005	256
4006	272
4007	272
4008	272
4009	256
4010	272
4011	256
4012	288
4013	272
4014	256
4015	256
4016	272
4017	272
4018	256
4019	256
4020	256
4021	256
4022	256
4023	256
4024	256
4025	272
4026	256
4027	256
4028	256
4029	272
4030	272
4031	256
4032	256
4033	272
4034	256
4035	256
4036	256
4037	256
4038	272
4039	256
4040	256
4041	272
4042	256
4043	256
4044	256
4045	256
4046	272
4047	256
4048	256
4049	256
4050	256
4051	256
4052	256
4053	272
4054	272
4055	256
4056	272
4057	256
4058	256
4059	256
4060	272
4061	256
4062	256
4063	288
4064	256
4065	256
4066	256
4067	256
4068	288
4069	256
4070	272
4071	256
4072	272
4073	272
4074	272
4075	256
4076	272
4077	256
4078	288
4079	272
4080	256
4081	272
4082	256
4083	272
4084	256
4085	272
4086	288
4087	256
4088	256
4089	256
4090	272
4091	272
4092	256
4093	272
4094	256
4095	256
4096	272
4097	272
4098	256
4099	272
4100	256
4101	256
4102	256
4103	256
4104	256
4105	256
4106	256
4107	256
4108	272
4109	256
4110	256
4111	256
4112	272
4113	256
4114	272
4115	288
4116	272
4117	256
4118	272
4119	272
4120	256
4121	272
4122	256
4123	256
4124	256
4125	272
4126	256
4127	272
4128	272
4129	256
4130	272
4131	272
4132	304
4133	304
4134	272
4135	256
4136	256
4137	256
4138	256
4139	256
4140	288
4141	272
4142	256
4143	256
4144	256
4145	256
4146	256
4147	256
4148	272
4149	256
4150	256
4151	256
4152	256
4153	272
4154	256
4155	272
4156	256
4157	256
4158	256
4159	272
4160	256
4161	272
4162	256
4163	272
4164	256
4165	256
4166	256
4167	288
4168	272
4169	256
4170	256
4171	272
4172	256
4173	304
4174	256
4175	272
4176	272
4177	256
4178	288
4179	256
4180	272
4181	272
4182	256
4183	256
4184	256
4185	256
4186	256
4187	272
4188	272
4189	272
4190	256
4191	256
4192	272
4193	256
4194	272
4195	272
4196	272
4197	272
4198	288
4199	256
4200	288
4201	288
4202	272
4203	272
4204	272
4205	256
4206	256
4207	256
4208	272
4209	288
4210	304
4211	256
4212	272
4213	256
4214	256
4215	256
4216	272
4217	256
4218	256
4219	288
4220	272
4221	272
4222	288
4223	272
4224	272
4225	288
4226	256
4227	256
4228	256
4229	272
4230	256
4231	256
4232	256
4233	256
4234	256
4235	272
4236	256
4237	288
4238	288
4239	272
4240	272
4241	256
4242	256
4243	256
4244	288
4245	256
4246	272
4247	272
4248	256
4249	272
4250	256
4251	256
4252	256
4253	256
4254	256
4255	272
4256	272
4257	272
4258	272
4259	256
4260	288
4261	256
4262	256
4263	256
4264	288
4265	256
4266	256
4267	272
4268	256
4269	256
4270	256
4271	256
4272	272
4273	256
4274	256
4275	256
4276	272
4277	256
4278	272
4279	272
4280	256
4281	272
4282	256
4283	256
4284	256
4285	272
4286	256
4287	256
4288	320
4289	256
4290	256
4291	256
4292	256
4293	256
4294	272
4295	256
4296	256
4297	256
4298	272
4299	256
4300	272
4301	272
4302	272
4303	288
4304	256
4305	256
4306	256
4307	256
4308	288
4309	256
4310	256
4311	256
4312	256
4313	256
4314	272
4315	256
4316	256
4317	272
4318	272
4319	256
4320	272
4321	256
4322	256
4323	272
4324	256
4325	288
4326	272
4327	256
4328	272
4329	256
4330	256
4331	272
4332	288
4333	272
4334	256
4335	256
4336	256
4337	256
4338	256
4339	256
4340	256
4341	256
4342	288
4343	272
4344	256
4345	256
4346	256
4347	256
4348	272
4349	256
4350	288
4351	288
4352	272
4353	256
4354	288
4355	256
4356	272
4357	272
4358	256
4359	272
4360	256
4361	288
4362	304
4363	256
4364	256
4365	256
4366	256
4367	272
4368	272
4369	256
4370	256
4371	288
4372	304
4373	272
4374	256
4375	272
4376	256
4377	272
4378	256
4379	256
4380	320
4381	256
4382	256
4383	256
4384	288
4385	272
4386	256
4387	272
4388	256
4389	256
4390	272
4391	272
4392	272
4393	272
4394	256
4395	256
4396	256
4397	256
4398	272
4399	256
4400	256
4401	272
4402	256
4403	272
4404	256
4405	256
4406	288
4407	256
4408	288
4409	272
4410	256
4411	288
4412	272
4413	272
4414	256
4415	256
4416	256
4417	288
4418	256
4419	256
4420	256
4421	256
4422	272
4423	256
4424	288
4425	256
4426	256
4427	272
4428	256
4429	256
4430	256
4431	272
4432	256
4433	256
4434	256
4435	272
4436	272
4437	256
4438	256
4439	256
4440	304
4441	272
4442	272
4443	272
4444	256
4445	256
4446	256
4447	288
4448	256
4449	272
4450	272
4451	272
4452	256
4453	272
4454	272
4455	256
4456	256
4457	272
4458	256
4459	256
4460	272
4461	256
4462	256
4463	272
4464	256
4465	256
4466	256
4467	256
4468	256
4469	256
4470	272
4471	272
4472	288
4473	320
4474	272
4475	256
4476	288
4477	256
4478	272
4479	272
4480	256
4481	256
4482	304
4483	256
4484	272
4485	272
4486	256
4487	272
4488	272
4489	272
4490	256
4491	256
4492	256
4493	256
4494	272
4495	256
4496	256
4497	256
4498	288
4499	272
4500	256
4501	256
4502	256
4503	256
4504	256
4505	272
4506	256
4507	288
4508	272
4509	256
4510	272
4511	256
4512	288
4513	256
4514	256
4515	272
4516	256
4517	256
4518	256
4519	272
4520	256
4521	256
4522	288
4523	272
4524	272
4525	256
4526	256
4527	272
4528	288
4529	256
4530	256
4531	256
4532	256
4533	272
4534	272
4535	256
4536	256
4537	256
4538	256
4539	256
4540	256
4541	256
4542	256
4543	272
4544	272
4545	256
4546	256
4547	272
4548	272
4549	256
4550	256
4551	256
4552	272
4553	304
4554	256
4555	272
4556	256
4557	256
4558	272
4559	272
4560	256
4561	256
4562	288
4563	272
4564	272
4565	288
4566	272
4567	272
4568	288
4569	272
4570	272
4571	272
4572	256
4573	256
4574	304
4575	272
4576	256
4577	256
4578	304
4579	272
4580	256
4581	256
4582	256
4583	256
4584	288
4585	272
4586	272
4587	256
4588	256
4589	256
4590	304
4591	256
4592	272
4593	272
4594	256
4595	288
4596	288
4597	288
4598	256
4599	256
4600	256
4601	256
4602	256
4603	256
4604	256
4605	256
4606	256
4607	256
4608	272
4609	256
4610	256
4611	256
4612	256
4613	272
4614	272
4615	256
4616	256
4617	256
4618	256
4619	256
4620	256
4621	272
4622	256
4623	256
4624	256
4625	304
4626	304
4627	272
4628	272
4629	256
4630	256
4631	272
4632	256
4633	256
4634	288
4635	256
4636	272
4637	256
4638	272
4639	256
4640	256
4641	256
4642	256
4643	256
4644	272
4645	256
4646	288
4647	256
4648	256
4649	256
4650	288
4651	256
4652	256
4653	256
4654	256
4655	256
4656	256
4657	272
4658	272
4659	272
4660	256
4661	272
4662	256
4663	272
4664	272
4665	288
4666	272
4667	304
4668	256
4669	256
4670	272
4671	272
4672	272
4673	272
4674	256
4675	256
4676	320
4677	256
4678	272
4679	272
4680	256
4681	272
4682	256
4683	256
4684	256
4685	256
4686	256
4687	256
4688	256
4689	256
4690	256
4691	256
4692	272
4693	256
4694	256
4695	256
4696	288
4697	288
4698	288
4699	256
4700	272
4701	288
4702	256
4703	256
4704	256
4705	272
4706	256
4707	272
4708	272
4709	272
4710	272
4711	288
4712	256
4713	256
4714	272
4715	256
4716	272
4717	256
4718	304
4719	256
4720	304
4721	272
4722	272
4723	272
4724	288
4725	256
4726	256
4727	272
4728	304
4729	256
4730	256
4731	256
4732	256
4733	272
4734	256
4735	256
4736	288
4737	272
4738	320
4739	272
4740	272
4741	256
4742	272
4743	272
4744	256
4745	256
4746	256
4747	256
4748	272
4749	272
4750	256
4751	256
4752	272
4753	272
4754	256
4755	256
4756	256
4757	256
4758	272
4759	256
4760	288
4761	256
4762	288
4763	256
4764	256
4765	256
4766	256
4767	256
4768	256
4769	256
4770	256
4771	272
4772	288
4773	272
4774	256
4775	256
4776	256
4777	256
4778	256
4779	256
4780	256
4781	256
4782	256
4783	256
4784	272
4785	256
4786	288
4787	256
4788	256
4789	272
4790	256
4791	288
4792	272
4793	256
4794	272
4795	272
4796	256
4797	272
4798	256
4799	256
4800	288
4801	256
4802	256
4803	304
4804	256
4805	256
4806	256
4807	256
4808	272
4809	288
4810	272
4811	256
4812	256
4813	288
4814	256
4815	272
4816	272
4817	256
4818	272
4819	256
4820	256
4821	272
4822	256
4823	272
4824	288
4825	256
4826	256
4827	288
4828	256
4829	256
4830	256
4831	272
4832	256
4833	272
4834	256
4835	272
4836	272
4837	256
4838	272
4839	256
4840	256
4841	272
4842	256
4843	288
4844	256
4845	256
4846	256
4847	272
4848	272
4849	256
4850	256
4851	272
4852	256
4853	272
4854	256
4855	272
4856	256
4857	256
4858	256
4859	256
4860	256
4861	272
4862	256
4863	256
4864	272
4865	256
4866	256
4867	256
4868	272
4869	320
4870	256
4871	256
4872	256
4873	256
4874	256
4875	256
4876	256
4877	256
4878	288
4879	256
4880	256
4881	288
4882	256
4883	288
4884	288
4885	256
4886	288
4887	256
4888	256
4889	256
4890	256
4891	256
4892	272
4893	256
4894	256
4895	288
4896	256
4897	256
4898	256
4899	304
4900	272
4901	256
4902	272
4903	256
4904	272
4905	272
4906	256
4907	256
4908	256
4909	256
4910	272
4911	256
4912	256
4913	272
4914	256
4915	256
4916	256
4917	304
4918	272
4919	256
4920	256
4921	256
4922	272
4923	288
4924	272
4925	272
4926	256
4927	256
4928	256
4929	256
4930	272
4931	288
4932	288
4933	256
4934	256
4935	272
4936	256
4937	256
4938	272
4939	256
4940	272
4941	256
4942	256
4943	288
4944	256
4945	256
4946	272
4947	272
4948	256
4949	272
4950	256
4951	256
4952	272
4953	256
4954	256
4955	256
4956	256
4957	272
4958	256
4959	256
4960	272
4961	272
4962	256
4963	288
4964	272
4965	256
4966	256
4967	272
4968	256
4969	272
4970	256
4971	272
4972	256
4973	256
4974	256
4975	256
4976	288
4977	256
4978	272
4979	272
4980	256
4981	256
4982	288
4983	272
4984	256
4985	272
4986	256
4987	256
4988	256
4989	256
4990	256
4991	256
4992	288
4993	272
4994	256
4995	256
4996	256
4997	256
4998	272
4999	288
5000	256
5001	288
5002	272
5003	272
5004	288
5005	256
5006	256
5007	256
5008	256
5009	256
5010	288
5011	256
5012	288
5013	272
5014	272
5015	256
5016	272
5017	256
5018	272
5019	288
5020	256
5021	272
5022	272
5023	256
5024	304
5025	256
5026	256
5027	272
5028	288
5029	256
5030	272
5031	256
5032	256
5033	272
5034	288
5035	256
5036	256
5037	256
5038	256
5039	272
5040	272
5041	256
5042	272
5043	256
5044	256
5045	272
5046	256
5047	256
5048	256
5049	256
5050	272
5051	256
5052	256
5053	272
5054	256
5055	272
5056	288
5057	256
5058	256
5059	256
5060	256
5061	256
5062	288
5063	256
5064	256
5065	272
5066	272
5067	256
5068	256
5069	272
5070	288
5071	256
5072	256
5073	256
5074	272
5075	256
5076	256
5077	272
5078	256
5079	288
5080	256
5081	256
5082	288
5083	256
5084	256
5085	256
5086	256
5087	272
5088	272
5089	256
5090	256
5091	272
5092	256
5093	256
5094	256
5095	256
5096	272
5097	256
5098	288
5099	288
5100	272
5101	288
5102	288
5103	272
5104	256
5105	256
5106	256
5107	272
5108	272
5109	272
5110	272
5111	288
5112	256
5113	272
5114	272
5115	256
5116	256
5117	256
5118	272
5119	256
5120	272
5121	256
5122	256
5123	256
5124	272
5125	272
5126	256
5127	272
5128	288
5129	256
5130	256
5131	256
5132	272
5133	272
5134	256
5135	272
5136	256
5137	272
5138	256
5139	272
5140	256
5141	272
5142	272
5143	256
5144	288
5145	256
5146	256
5147	256
5148	256
5149	272
5150	272
5151	256
5152	256
5153	272
5154	272
5155	256
5156	256
5157	272
5158	256
5159	256
5160	272
5161	272
5162	256
5163	272
5164	256
5165	256
5166	256
5167	256
5168	256
5169	256
5170	256
5171	256
5172	288
5173	256
5174	256
5175	256
5176	256
5177	256
5178	256
5179	256
5180	272
5181	304
5182	256
5183	272
5184	288
5185	288
5186	272
5187	272
5188	272
5189	256
5190	256
5191	272
5192	256
5193	288
5194	272
5195	256
5196	256
5197	256
5198	272
5199	256
5200	256
5201	256
5202	256
5203	272
5204	256
5205	272
5206	272
5207	256
5208	272
5209	256
5210	320
5211	272
5212	272
5213	288
5214	256
5215	256
5216	272
5217	256
5218	256
5219	256
5220	304
5221	288
5222	272
5223	256
5224	256
5225	288
5226	272
5227	272
5228	256
5229	272
5230	256
5231	272
5232	256
5233	256
5234	256
5235	256
5236	256
5237	272
5238	288
5239	256
5240	272
5241	256
5242	288
5243	256
5244	272
5245	256
5246	272
5247	256
5248	256
5249	272
5250	256
5251	272
5252	256
5253	272
5254	304
5255	256
5256	304
5257	256
5258	256
5259	272
5260	256
5261	256
5262	272
5263	256
5264	272
5265	288
5266	272
5267	288
5268	272
5269	256
5270	272
5271	272
5272	256
5273	272
5274	256
5275	272
5276	256
5277	272
5278	256
5279	256
5280	256
5281	256
5282	272
5283	256
5284	272
5285	256
5286	272
5287	256
5288	272
5289	256
5290	256
5291	256
5292	288
5293	256
5294	272
5295	272
5296	256
5297	272
5298	288
5299	256
5300	256
5301	256
5302	256
5303	256
5304	272
5305	256
5306	256
5307	272
5308	256
5309	272
5310	272
5311	272
5312	272
5313	256
5314	256
5315	256
5316	256
5317	272
5318	288
5319	256
5320	256
5321	256
5322	288
5323	256
5324	256
5325	256
5326	256
5327	272
5328	256
5329	256
5330	272
5331	256
5332	272
5333	256
5334	256
5335	288
5336	272
5337	256
5338	288
5339	256
5340	272
5341	256
5342	256
5343	272
5344	272
5345	256
5346	272
5347	256
5348	272
5349	256
5350	256
5351	256
5352	256
5353	256
5354	256
5355	272
5356	272
5357	256
5358	256
5359	272
5360	256
5361	256
5362	256
5363	256
5364	256
5365	256
5366	256
5367	256
5368	272
5369	288
5370	256
5371	256
5372	256
5373	272
5374	256
5375	272
5376	256
5377	256
5378	256
5379	256
5380	272
5381	272
5382	272
5383	272
5384	256
5385	256
5386	256
5387	256
5388	256
5389	272
5390	256
5391	256
5392	256
5393	256
5394	288
5395	256
5396	272
5397	272
5398	256
5399	256
5400	256
5401	256
5402	272
5403	256
5404	272
5405	256
5406	256
5407	272
5408	272
5409	256
5410	256
5411	256
5412	256
5413	256
5414	256
5415	272
5416	288
5417	256
5418	256
5419	272
5420	256
5421	256
5422	272
5423	256
5424	256
5425	256
5426	272
5427	256
5428	256
5429	256
5430	256
5431	272
5432	272
5433	288
5434	256
5435	272
5436	272
5437	256
5438	288
5439	256
5440	272
5441	272
5442	288
5443	256
5444	256
5445	256
5446	320
5447	256
5448	272
5449	256
5450	256
5451	256
5452	256
5453	256
5454	256
5455	256
5456	272
5457	256
5458	256
5459	272
5460	272
5461	256
5462	256
5463	256
5464	256
5465	256
5466	272
5467	272
5468	256
5469	256
5470	256
5471	256
5472	256
5473	256
5474	272
5475	256
5476	272
5477	272
5478	272
5479	256
5480	272
5481	256
5482	272
5483	272
5484	256
5485	256
5486	288
5487	256
5488	256
5489	256
5490	256
5491	256
5492	256
5493	272
5494	256
5495	256
5496	256
5497	288
5498	272
5499	288
5500	272
5501	272
5502	256
5503	256
5504	256
5505	272
5506	256
5507	256
5508	256
5509	272
5510	272
5511	256
5512	256
5513	256
5514	272
5515	256
5516	272
5517	256
5518	272
5519	256
5520	272
5521	288
5522	256
5523	272
5524	256
5525	272
5526	272
5527	256
5528	288
5529	256
5530	256
5531	304
5532	288
5533	256
5534	272
5535	256
5536	256
5537	256
5538	272
5539	272
5540	256
5541	288
5542	256
5543	256
5544	256
5545	256
5546	272
5547	272
5548	256
5549	256
5550	272
5551	256
5552	256
5553	272
5554	272
5555	256
5556	256
5557	256
5558	256
5559	272
5560	256
5561	272
5562	272
5563	304
5564	256
5565	288
5566	272
5567	256
5568	272
5569	272
5570	272
5571	256
5572	256
5573	272
5574	272
5575	272
5576	256
5577	304
5578	256
5579	256
5580	272
5581	256
5582	256
5583	272
5584	256
5585	256
5586	272
5587	256
5588	256
5589	272
5590	272
5591	272
5592	256
5593	288
5594	256
5595	272
5596	272
5597	256
5598	256
5599	256
5600	256
5601	256
5602	272
5603	256
5604	256
5605	256
5606	288
5607	272
5608	256
5609	272
5610	256
5611	256
5612	256
5613	256
5614	272
5615	288
5616	256
5617	272
5618	304
5619	256
5620	272
5621	256
5622	304
5623	272
5624	272
5625	272
5626	256
5627	256
5628	256
5629	256
5630	256
5631	272
5632	272
5633	272
5634	256
5635	256
5636	256
5637	272
5638	256
5639	288
5640	256
5641	256
5642	272
5643	256
5644	256
5645	272
5646	272
5647	256
5648	256
5649	256
5650	256
5651	256
5652	304
5653	272
5654	256
5655	272
5656	256
5657	304
5658	272
5659	272
5660	256
5661	272
5662	272
5663	256
5664	256
5665	288
5666	272
5667	256
5668	272
5669	256
5670	272
5671	256
5672	272
5673	256
5674	288
5675	256
5676	256
5677	272
5678	256
5679	256
5680	272
5681	256
5682	256
5683	272
5684	256
5685	256
5686	256
5687	272
5688	256
5689	256
5690	288
5691	256
5692	256
5693	256
5694	256
5695	256
5696	256
5697	272
5698	256
5699	256
5700	272
5701	272
5702	256
5703	256
5704	272
5705	256
5706	256
5707	272
5708	256
5709	272
5710	272
5711	256
5712	272
5713	272
5714	256
5715	272
5716	256
5717	256
5718	256
5719	256
5720	256
5721	256
5722	256
5723	288
5724	256
5725	272
5726	256
5727	256
5728	256
5729	256
5730	256
5731	288
5732	272
5733	272
5734	272
5735	256
5736	272
5737	256
5738	272
5739	304
5740	256
5741	256
5742	272
5743	256
5744	256
5745	272
5746	256
5747	272
5748	256
5749	256
5750	256
5751	272
5752	256
5753	256
5754	272
5755	272
5756	272
5757	256
5758	272
5759	288
5760	256
5761	256
5762	272
5763	256
5764	256
5765	256
5766	272
5767	272
5768	256
5769	272
5770	256
5771	272
5772	272
5773	256
5774	272
5775	256
5776	256
5777	272
5778	256
5779	256
5780	256
5781	256
5782	272
5783	272
5784	288
5785	256
5786	256
5787	256
5788	256
5789	256
5790	272
5791	256
5792	256
5793	256
5794	256
5795	256
5796	256
5797	256
5798	256
5799	256
5800	272
5801	256
5802	256
5803	288
5804	256
5805	288
5806	272
5807	256
5808	256
5809	256
5810	256
5811	272
5812	288
5813	256
5814	256
5815	272
5816	256
5817	256
5818	272
5819	272
5820	256
5821	272
5822	256
5823	272
5824	256
5825	256
5826	256
5827	256
5828	256
5829	272
5830	256
5831	256
5832	256
5833	272
5834	256
5835	256
5836	256
5837	272
5838	256
5839	272
5840	288
5841	288
5842	256
5843	256
5844	256
5845	272
5846	256
5847	272
5848	256
5849	304
5850	272
5851	256
5852	304
5853	256
5854	256
5855	272
5856	256
5857	256
5858	272
5859	256
5860	256
5861	256
5862	256
5863	272
5864	272
5865	256
5866	256
5867	256
5868	256
5869	272
5870	256
5871	256
5872	272
5873	256
5874	288
5875	256
5876	256
5877	272
5878	288
5879	256
5880	272
5881	272
5882	256
5883	256
5884	272
5885	272
5886	272
5887	256
5888	256
5889	272
5890	256
5891	256
5892	256
5893	272
5894	272
5895	272
5896	256
5897	256
5898	256
5899	256
5900	256
5901	272
5902	256
5903	272
5904	272
5905	272
5906	288
5907	256
5908	256
5909	256
5910	272
5911	256
5912	288
5913	256
5914	256
5915	256
5916	256
5917	256
5918	272
5919	288
5920	272
5921	272
5922	256
5923	272
5924	272
5925	272
5926	256
5927	256
5928	256
5929	272
5930	256
5931	256
5932	256
5933	256
5934	272
5935	272
5936	256
5937	272
5938	272
5939	272
5940	256
5941	272
5942	256
5943	272
5944	272
5945	256
5946	288
5947	256
5948	272
5949	256
5950	272
5951	256
5952	256
5953	256
5954	272
5955	256
5956	288
5957	288
5958	256
5959	256
5960	256
5961	256
5962	256
5963	272
5964	288
5965	256
5966	256
5967	256
5968	256
5969	272
5970	272
5971	304
5972	256
5973	256
5974	256
5975	256
5976	256
5977	256
5978	256
5979	256
5980	256
5981	272
5982	256
5983	304
5984	256
5985	256
5986	256
5987	272
5988	256
5989	256
5990	256
5991	272
5992	272
5993	256
5994	272
5995	256
5996	256
5997	256
5998	272
5999	256
6000	256
6001	272
6002	256
6003	256
6004	256
6005	256
6006	256
6007	272
6008	256
6009	256
6010	256
6011	272
6012	272
6013	256
6014	256
6015	272
6016	256
6017	256
6018	256
6019	288
6020	256
6021	272
6022	256
6023	256
6024	272
6025	288
6026	288
6027	256
6028	256
6029	256
6030	256
6031	288
6032	256
6033	256
6034	256
6035	256
6036	272
6037	256
6038	272
6039	256
6040	256
6041	256
6042	304
6043	256
6044	256
6045	256
6046	256
6047	256
6048	256
6049	272
6050	256
6051	272
6052	256
6053	272
6054	256
6055	256
6056	288
6057	272
6058	272
6059	256
6060	288
6061	272
6062	256
6063	272
6064	256
6065	272
6066	272
6067	256
6068	256
6069	272
6070	256
6071	256
6072	256
6073	288
6074	256
6075	272
6076	272
6077	272
6078	288
6079	272
6080	272
6081	256
6082	272
6083	256
6084	272
6085	272
6086	256
6087	256
6088	256
6089	256
6090	304
6091	288
6092	256
6093	256
6094	256
6095	256
6096	256
6097	272
6098	256
6099	256
6100	272
6101	256
6102	256
6103	272
6104	288
6105	272
6106	288
6107	272
6108	272
6109	288
6110	256
6111	256
6112	256
6113	272
6114	304
6115	256
6116	256
6117	256
6118	256
6119	288
6120	272
6121	272
6122	256
6123	256
6124	288
6125	272
6126	256
6127	272
6128	256
6129	256
6130	256
6131	256
6132	256
6133	256
6134	256
6135	256
6136	256
6137	256
6138	272
6139	272
6140	256
6141	320
6142	288
6143	256
6144	256
6145	256
6146	272
6147	272
6148	272
6149	256
6150	304
6151	256
6152	256
6153	256
6154	256
6155	256
6156	272
6157	272
6158	272
6159	256
6160	256
6161	256
6162	256
6163	272
6164	288
6165	256
6166	256
6167	256
6168	256
6169	288
6170	256
6171	256
6172	272
6173	272
6174	256
6175	256
6176	272
6177	256
6178	272
6179	256
6180	256
6181	256
6182	272
6183	272
6184	272
6185	288
6186	272
6187	320
6188	256
6189	272
6190	304
6191	256
6192	256
6193	256
6194	256
6195	256
6196	272
6197	288
6198	256
6199	272
6200	256
6201	272
6202	256
6203	256
6204	272
6205	256
6206	256
6207	256
6208	272
6209	256
6210	288
6211	272
6212	256
6213	272
6214	256
6215	256
6216	256
6217	256
6218	256
6219	256
6220	256
6221	272
6222	256
6223	256
6224	256
6225	288
6226	256
6227	288
6228	256
6229	256
6230	272
6231	256
6232	256
6233	256
6234	272
6235	256
6236	256
6237	256
6238	256
6239	272
6240	256
6241	256
6242	256
6243	256
6244	272
6245	272
6246	256
6247	256
6248	272
6249	272
6250	256
6251	272
6252	272
6253	272
6254	256
6255	256
6256	272
6257	256
6258	256
6259	288
6260	272
6261	256
6262	256
6263	288
6264	256
6265	272
6266	256
6267	256
6268	256
6269	256
6270	256
6271	256
6272	256
6273	256
6274	256
6275	288
6276	288
6277	288
6278	256
6279	272
6280	256
6281	256
6282	256
6283	272
6284	256
6285	272
6286	256
6287	256
6288	256
6289	272
6290	256
6291	256
6292	256
6293	272
6294	272
6295	272
6296	272
6297	256
6298	272
6299	272
6300	272
6301	256
6302	272
6303	256
6304	256
6305	272
6306	256
6307	256
6308	272
6309	272
6310	288
6311	272
6312	256
6313	272
6314	256
6315	256
6316	256
6317	256
6318	256
6319	256
6320	256
6321	272
6322	304
6323	288
6324	256
6325	256
6326	256
6327	272
6328	256
6329	272
6330	256
6331	256
6332	256
6333	256
6334	256
6335	256
6336	272
6337	256
6338	256
6339	256
6340	256
6341	272
6342	272
6343	256
6344	256
6345	256
6346	256
6347	256
6348	256
6349	256
6350	256
6351	256
6352	256
6353	256
6354	256
6355	256
6356	256
6357	256
6358	256
6359	272
6360	256
6361	272
6362	256
6363	368
6364	288
6365	272
6366	272
6367	256
6368	256
6369	272
6370	288
6371	272
6372	256
6373	256
6374	288
6375	256
6376	256
6377	256
6378	272
6379	256
6380	256
6381	288
6382	272
6383	256
6384	288
6385	272
6386	256
6387	256
6388	272
6389	256
6390	272
6391	256
6392	272
6393	256
6394	256
6395	256
6396	272
6397	256
6398	288
6399	256
6400	256
6401	272
6402	256
6403	272
6404	256
6405	256
6406	256
6407	256
6408	272
6409	256
6410	256
6411	256
6412	256
6413	272
6414	272
6415	272
6416	304
6417	288
6418	272
6419	272
6420	256
6421	272
6422	272
6423	256
6424	256
6425	288
6426	256
6427	272
6428	272
6429	272
6430	256
6431	256
6432	288
6433	272
6434	288
6435	256
6436	272
6437	256
6438	256
6439	256
6440	256
6441	256
6442	256
6443	272
6444	256
6445	256
6446	256
6447	272
6448	256
6449	288
6450	288
6451	272
6452	256
6453	272
6454	272
6455	256
6456	272
6457	256
6458	256
6459	256
6460	272
6461	272
6462	272
6463	272
6464	256
6465	256
6466	272
6467	256
6468	256
6469	288
6470	288
6471	256
6472	256
6473	256
6474	256
6475	256
6476	256
6477	256
6478	256
6479	288
6480	256
6481	272
6482	304
6483	256
6484	256
6485	272
6486	256
6487	256
6488	256
6489	272
6490	256
6491	256
6492	256
6493	272
6494	288
6495	272
6496	256
6497	256
6498	272
6499	288
6500	256
6501	256
6502	256
6503	256
6504	304
6505	256
6506	256
6507	272
6508	256
6509	272
6510	256
6511	288
6512	256
6513	256
6514	256
6515	272
6516	272
6517	256
6518	256
6519	256
6520	272
6521	256
6522	256
6523	256
6524	272
6525	272
6526	256
6527	304
6528	272
6529	256
6530	256
6531	256
6532	256
6533	288
6534	256
6535	272
6536	256
6537	256
6538	288
6539	256
6540	256
6541	256
6542	256
6543	256
6544	256
6545	272
6546	288
6547	256
6548	256
6549	256
6550	288
6551	256
6552	272
6553	288
6554	256
6555	288
6556	256
6557	288
6558	288
6559	272
6560	256
6561	272
6562	256
6563	256
6564	256
6565	256
6566	256
6567	256
6568	256
6569	272
6570	256
6571	256
6572	256
6573	272
6574	256
6575	272
6576	256
6577	272
6578	288
6579	256
6580	288
6581	288
6582	272
6583	256
6584	288
6585	272
6586	256
6587	256
6588	256
6589	288
6590	256
6591	272
6592	272
6593	256
6594	256
6595	272
6596	288
6597	256
6598	256
6599	256
6600	272
6601	272
6602	272
6603	272
6604	256
6605	256
6606	256
6607	272
6608	256
6609	256
6610	272
6611	256
6612	272
6613	272
6614	256
6615	256
6616	288
6617	272
6618	288
6619	272
6620	272
6621	272
6622	272
6623	256
6624	272
6625	256
6626	256
6627	272
6628	256
6629	272
6630	272
6631	256
6632	256
6633	256
6634	288
6635	256
6636	256
6637	272
6638	272
6639	256
6640	256
6641	256
6642	256
6643	256
6644	288
6645	256
6646	256
6647	272
6648	256
6649	256
6650	256
6651	272
6652	272
6653	272
6654	256
6655	256
6656	256
6657	256
6658	256
6659	256
6660	256
6661	256
6662	256
6663	320
6664	272
6665	256
6666	272
6667	288
6668	256
6669	256
6670	256
6671	272
6672	288
6673	256
6674	272
6675	272
6676	256
6677	256
6678	288
6679	256
6680	256
6681	256
6682	256
6683	256
6684	256
6685	256
6686	272
6687	288
6688	272
6689	304
6690	256
6691	256
6692	256
6693	256
6694	256
6695	288
6696	256
6697	256
6698	272
6699	272
6700	272
6701	256
6702	256
6703	256
6704	256
6705	288
6706	256
6707	288
6708	256
6709	272
6710	272
6711	256
6712	256
6713	256
6714	272
6715	272
6716	256
6717	256
6718	256
6719	272
6720	256
6721	256
6722	256
6723	256
6724	272
6725	272
6726	272
6727	256
6728	272
6729	256
6730	256
6731	272
6732	272
6733	256
6734	272
6735	256
6736	256
6737	256
6738	272
6739	256
6740	256
6741	256
6742	256
6743	256
6744	256
6745	288
6746	304
6747	256
6748	256
6749	256
6750	256
6751	272
6752	288
6753	256
6754	256
6755	256
6756	256
6757	256
6758	272
6759	256
6760	272
6761	256
6762	272
6763	272
6764	272
6765	256
6766	272
6767	272
6768	256
6769	272
6770	256
6771	288
6772	256
6773	256
6774	272
6775	256
6776	288
6777	272
6778	288
6779	288
6780	304
6781	256
6782	272
6783	256
6784	256
6785	272
6786	288
6787	256
6788	272
6789	272
6790	256
6791	256
6792	256
6793	256
6794	256
6795	256
6796	272
6797	272
6798	256
6799	256
6800	256
6801	256
6802	272
6803	288
6804	272
6805	272
6806	256
6807	272
6808	272
6809	272
6810	272
6811	256
6812	256
6813	256
6814	256
6815	256
6816	256
6817	256
6818	272
6819	272
6820	288
6821	256
6822	272
6823	256
6824	256
6825	288
6826	256
6827	256
6828	256
6829	256
6830	256
6831	256
6832	256
6833	272
6834	256
6835	272
6836	272
6837	272
6838	256
6839	256
6840	256
6841	256
6842	272
6843	256
6844	256
6845	256
6846	256
6847	256
6848	272
6849	272
6850	288
6851	256
6852	256
6853	256
6854	256
6855	256
6856	256
6857	288
6858	288
6859	272
6860	256
6861	256
6862	256
6863	288
6864	256
6865	256
6866	288
6867	272
6868	256
6869	256
6870	256
6871	256
6872	256
6873	256
6874	256
6875	272
6876	256
6877	256
6878	256
6879	256
6880	272
6881	272
6882	256
6883	256
6884	256
6885	272
6886	272
6887	256
6888	256
6889	256
6890	256
6891	272
6892	272
6893	256
6894	256
6895	256
6896	256
6897	288
6898	256
6899	256
6900	256
6901	256
6902	256
6903	256
6904	256
6905	272
6906	288
6907	256
6908	272
6909	272
6910	256
6911	272
6912	256
6913	256
6914	256
6915	256
6916	272
6917	288
6918	288
6919	256
6920	256
6921	256
6922	304
6923	256
6924	256
6925	272
6926	256
6927	256
6928	272
6929	272
6930	256
6931	272
6932	256
6933	288
6934	256
6935	256
6936	256
6937	256
6938	256
6939	272
6940	256
6941	288
6942	272
6943	256
6944	272
6945	256
6946	256
6947	256
6948	256
6949	272
6950	272
6951	256
6952	256
6953	272
6954	256
6955	272
6956	272
6957	272
6958	272
6959	272
6960	256
6961	256
6962	256
6963	256
6964	256
6965	256
6966	288
6967	256
6968	272
6969	256
6970	256
6971	256
6972	256
6973	256
6974	256
6975	256
6976	288
6977	288
6978	272
6979	256
6980	256
6981	256
6982	256
6983	256
6984	272
6985	256
6986	288
6987	272
6988	256
6989	256
6990	256
6991	256
6992	256
6993	272
6994	272
6995	256
6996	256
6997	256
6998	256
6999	272
7000	256
7001	256
7002	256
7003	272
7004	256
7005	256
7006	256
7007	272
7008	256
7009	256
7010	256
7011	272
7012	256
7013	256
7014	288
7015	272
7016	256
7017	272
7018	256
7019	256
7020	272
7021	256
7022	272
7023	256
7024	304
7025	272
7026	272
7027	256
7028	288
7029	256
7030	256
7031	256
7032	256
7033	256
7034	272
7035	272
7036	256
7037	256
7038	272
7039	272
7040	288
7041	256
7042	256
7043	256
7044	272
7045	256
7046	256
7047	256
7048	272
7049	272
7050	256
7051	272
7052	256
7053	256
7054	272
7055	256
7056	272
7057	256
7058	256
7059	272
7060	288
7061	272
7062	256
7063	304
7064	256
7065	256
7066	256
7067	272
7068	256
7069	288
7070	288
7071	256
7072	256
7073	256
7074	256
7075	256
7076	256
7077	256
7078	256
7079	272
7080	272
7081	256
7082	256
7083	272
7084	256
7085	272
7086	272
7087	256
7088	288
7089	272
7090	256
7091	288
7092	256
7093	256
7094	272
7095	256
7096	256
7097	256
7098	256
7099	304
7100	272
7101	256
7102	256
7103	256
7104	256
7105	256
7106	272
7107	256
7108	272
7109	256
7110	256
7111	256
7112	272
7113	256
7114	256
7115	256
7116	256
7117	288
7118	288
7119	256
7120	272
7121	272
7122	256
7123	256
7124	272
7125	256
7126	256
7127	272
7128	256
7129	272
7130	256
7131	256
7132	288
7133	288
7134	256
7135	256
7136	256
7137	256
7138	288
7139	272
7140	256
7141	272
7142	272
7143	272
7144	256
7145	272
7146	288
7147	272
7148	256
7149	272
7150	256
7151	256
7152	256
7153	272
7154	256
7155	256
7156	256
7157	256
7158	272
7159	288
7160	256
7161	272
7162	272
7163	256
7164	256
7165	272
7166	272
7167	256
7168	272
7169	256
7170	256
7171	288
7172	256
7173	256
7174	256
7175	256
7176	256
7177	256
7178	272
7179	272
7180	272
7181	272
7182	272
7183	256
7184	256
7185	256
7186	256
7187	272
7188	256
7189	272
7190	256
7191	272
7192	256
7193	272
7194	272
7195	256
7196	256
7197	256
7198	256
7199	272
7200	272
7201	272
7202	272
7203	272
7204	256
7205	256
7206	272
7207	272
7208	256
7209	256
7210	256
7211	272
7212	256
7213	256
7214	256
7215	256
7216	256
7217	272
7218	256
7219	256
7220	288
7221	288
7222	256
7223	288
7224	256
7225	272
7226	256
7227	256
7228	256
7229	256
7230	256
7231	256
7232	256
7233	272
7234	256
7235	272
7236	288
7237	256
7238	256
7239	256
7240	256
7241	288
7242	256
7243	288
7244	256
7245	272
7246	272
7247	256
7248	272
7249	256
7250	256
7251	256
7252	288
7253	256
7254	272
7255	256
7256	272
7257	272
7258	256
7259	256
7260	256
7261	288
7262	272
7263	256
7264	256
7265	256
7266	256
7267	256
7268	256
7269	256
7270	256
7271	256
7272	256
7273	256
7274	272
7275	272
7276	272
7277	336
7278	256
7279	304
7280	272
7281	256
7282	256
7283	256
7284	256
7285	272
7286	256
7287	272
7288	272
7289	256
7290	256
7291	256
7292	272
7293	256
7294	256
7295	256
7296	272
7297	288
7298	256
7299	256
7300	256
7301	256
7302	272
7303	256
7304	272
7305	256
7306	256
7307	272
7308	272
7309	272
7310	256
7311	272
7312	288
7313	272
7314	272
7315	256
7316	256
7317	272
7318	272
7319	256
7320	256
7321	272
7322	272
7323	256
7324	256
7325	256
7326	256
7327	272
7328	256
7329	272
7330	272
7331	256
7332	272
7333	272
7334	272
7335	256
7336	256
7337	256
7338	272
7339	256
7340	272
7341	256
7342	256
7343	288
7344	256
7345	256
7346	272
7347	288
7348	256
7349	256
7350	256
7351	256
7352	256
7353	272
7354	256
7355	256
7356	288
7357	256
7358	256
7359	256
7360	256
7361	256
7362	256
7363	256
7364	256
7365	256
7366	256
7367	288
7368	272
7369	272
7370	256
7371	272
7372	256
7373	256
7374	256
7375	256
7376	272
7377	272
7378	288
7379	256
7380	256
7381	256
7382	256
7383	256
7384	256
7385	272
7386	272
7387	272
7388	256
7389	256
7390	304
7391	256
7392	256
7393	272
7394	272
7395	272
7396	288
7397	256
7398	256
7399	256
7400	272
7401	272
7402	272
7403	272
7404	256
7405	288
7406	256
7407	256
7408	256
7409	288
7410	256
7411	256
7412	288
7413	256
7414	256
7415	256
7416	256
7417	272
7418	304
7419	272
7420	304
7421	272
7422	272
7423	256
7424	256
7425	272
7426	256
7427	256
7428	288
7429	256
7430	272
7431	256
7432	256
7433	256
7434	256
7435	256
7436	256
7437	288
7438	272
7439	272
7440	256
7441	256
7442	256
7443	272
7444	272
7445	272
7446	256
7447	272
7448	256
7449	272
7450	256
7451	256
7452	272
7453	272
7454	256
7455	288
7456	272
7457	256
7458	256
7459	272
7460	256
7461	256
7462	256
7463	256
7464	272
7465	288
7466	272
7467	256
7468	288
7469	272
7470	272
7471	272
7472	256
7473	256
7474	256
7475	256
7476	256
7477	272
7478	256
7479	256
7480	288
7481	272
7482	272
7483	256
7484	256
7485	256
7486	272
7487	256
7488	256
7489	272
7490	272
7491	256
7492	304
7493	256
7494	272
7495	256
7496	256
7497	272
7498	256
7499	256
7500	256
7501	256
7502	272
7503	272
7504	256
7505	256
7506	256
7507	288
7508	272
7509	256
7510	272
7511	256
7512	288
7513	288
7514	272
7515	304
7516	272
7517	272
7518	256
7519	272
7520	256
7521	256
7522	272
7523	272
7524	256
7525	256
7526	256
7527	256
7528	256
7529	256
7530	256
7531	256
7532	272
7533	272
7534	256
7535	272
7536	256
7537	272
7538	288
7539	256
7540	256
7541	256
7542	288
7543	256
7544	256
7545	288
7546	272
7547	256
7548	256
7549	288
7550	256
7551	256
7552	272
7553	288
7554	256
7555	272
7556	256
7557	256
7558	256
7559	272
7560	272
7561	272
7562	272
7563	256
7564	272
7565	272
7566	256
7567	256
7568	272
7569	256
7570	272
7571	288
7572	256
7573	256
7574	256
7575	256
7576	256
7577	272
7578	256
7579	272
7580	272
7581	272
7582	256
7583	256
7584	288
7585	256
7586	256
7587	272
7588	256
7589	256
7590	256
7591	272
7592	272
7593	256
7594	256
7595	256
7596	256
7597	256
7598	256
7599	256
7600	256
7601	272
7602	256
7603	256
7604	256
7605	256
7606	256
7607	256
7608	256
7609	272
7610	272
7611	256
7612	256
7613	272
7614	256
7615	256
7616	256
7617	304
7618	256
7619	272
7620	304
7621	256
7622	272
7623	272
7624	272
7625	288
7626	256
7627	256
7628	272
7629	256
7630	272
7631	288
7632	272
7633	256
7634	288
7635	272
7636	256
7637	256
7638	256
7639	272
7640	256
7641	256
7642	256
7643	272
7644	256
7645	272
7646	304
7647	272
7648	256
7649	272
7650	288
7651	256
7652	272
7653	256
7654	256
7655	272
7656	256
7657	256
7658	272
7659	256
7660	256
7661	256
7662	256
7663	256
7664	256
7665	256
7666	256
7667	272
7668	256
7669	256
7670	272
7671	256
7672	256
7673	288
7674	256
7675	256
7676	256
7677	272
7678	272
7679	272
7680	272
7681	256
7682	272
7683	256
7684	256
7685	272
7686	256
7687	272
7688	288
7689	256
7690	256
7691	256
7692	256
7693	256
7694	256
7695	256
7696	272
7697	288
7698	256
7699	272
7700	272
7701	272
7702	256
7703	272
7704	272
7705	256
7706	256
7707	256
7708	320
7709	272
7710	256
7711	256
7712	256
7713	336
7714	272
7715	256
7716	256
7717	272
7718	256
7719	272
7720	272
7721	256
7722	256
7723	256
7724	272
7725	256
7726	256
7727	304
7728	256
7729	256
7730	272
7731	256
7732	256
7733	256
7734	256
7735	272
7736	256
7737	256
7738	256
7739	256
7740	288
7741	256
7742	288
7743	256
7744	272
7745	256
7746	256
7747	288
7748	256
7749	288
7750	256
7751	256
7752	256
7753	288
7754	256
7755	288
7756	272
7757	304
7758	256
7759	256
7760	256
7761	272
7762	256
7763	256
7764	256
7765	256
7766	272
7767	272
7768	272
7769	256
7770	256
7771	256
7772	256
7773	256
7774	272
7775	256
7776	256
7777	272
7778	256
7779	256
7780	256
7781	272
7782	256
7783	256
7784	272
7785	256
7786	256
7787	272
7788	288
7789	256
7790	256
7791	288
7792	256
7793	304
7794	256
7795	272
7796	256
7797	256
7798	256
7799	272
7800	272
7801	256
7802	272
7803	256
7804	272
7805	288
7806	256
7807	256
7808	272
7809	256
7810	256
7811	288
7812	272
7813	256
7814	272
7815	256
7816	272
7817	256
7818	272
7819	256
7820	256
7821	256
7822	256
7823	256
7824	272
7825	256
7826	272
7827	256
7828	272
7829	288
7830	256
7831	256
7832	256
7833	256
7834	288
7835	256
7836	256
7837	272
7838	256
7839	256
7840	272
7841	256
7842	272
7843	256
7844	256
7845	256
7846	256
7847	288
7848	256
7849	288
7850	256
7851	272
7852	272
7853	272
7854	256
7855	256
7856	256
7857	256
7858	304
7859	256
7860	272
7861	256
7862	256
7863	256
7864	256
7865	256
7866	256
7867	288
7868	256
7869	256
7870	256
7871	256
7872	256
7873	272
7874	256
7875	272
7876	256
7877	320
7878	272
7879	288
7880	256
7881	256
7882	272
7883	256
7884	256
7885	256
7886	272
7887	256
7888	256
7889	256
7890	256
7891	256
7892	272
7893	288
7894	256
7895	272
7896	272
7897	256
7898	272
7899	256
7900	272
7901	272
7902	256
7903	288
7904	256
7905	288
7906	272
7907	256
7908	272
7909	256
7910	272
7911	256
7912	256
7913	272
7914	256
7915	256
7916	256
7917	288
7918	256
7919	288
7920	272
7921	272
7922	272
7923	256
7924	272
7925	256
7926	288
7927	256
7928	256
7929	256
7930	256
7931	272
7932	256
7933	256
7934	256
7935	272
7936	288
7937	256
7938	256
7939	272
7940	304
7941	256
7942	272
7943	256
7944	256
7945	272
7946	256
7947	272
7948	272
7949	272
7950	256
7951	256
7952	288
7953	256
7954	272
7955	256
7956	272
7957	288
7958	256
7959	256
7960	256
7961	272
7962	288
7963	272
7964	272
7965	256
7966	272
7967	256
7968	256
7969	256
7970	256
7971	256
7972	256
7973	256
7974	272
7975	272
7976	256
7977	256
7978	256
7979	256
7980	256
7981	288
7982	256
7983	256
7984	320
7985	256
7986	256
7987	256
7988	272
7989	272
7990	288
7991	256
7992	256
7993	256
7994	256
7995	272
7996	272
7997	272
7998	272
7999	272
8000	256
8001	256
8002	272
8003	256
8004	256
8005	256
8006	256
8007	272
8008	256
8009	256
8010	272
8011	256
8012	256
8013	256
8014	256
8015	256
8016	256
8017	256
8018	256
8019	256
8020	304
8021	304
8022	256
8023	256
8024	256
8025	272
8026	256
8027	256
8028	256
8029	272
8030	272
8031	256
8032	256
8033	304
8034	256
8035	256
8036	256
8037	256
8038	272
8039	256
8040	256
8041	272
8042	320
8043	272
8044	272
8045	304
8046	256
8047	256
8048	256
8049	256
8050	288
8051	272
8052	256
8053	272
8054	256
8055	272
8056	272
8057	272
8058	256
8059	288
8060	256
8061	256
8062	256
8063	256
8064	256
8065	256
8066	272
8067	256
8068	256
8069	256
8070	272
8071	288
8072	256
8073	256
8074	272
8075	272
8076	256
8077	256
8078	256
8079	272
8080	272
8081	272
8082	256
8083	272
8084	256
8085	272
8086	256
8087	272
8088	256
8089	256
8090	256
8091	256
8092	256
8093	288
8094	272
8095	320
8096	256
8097	272
8098	256
8099	256
8100	256
8101	256
8102	256
8103	272
8104	256
8105	256
8106	272
8107	256
8108	288
8109	272
8110	256
8111	256
8112	256
8113	256
8114	288
8115	256
8116	256
8117	256
8118	272
8119	272
8120	256
8121	256
8122	256
8123	272
8124	272
8125	256
8126	272
8127	256
8128	288
8129	272
8130	288
8131	256
8132	256
8133	256
8134	256
8135	256
8136	272
8137	256
8138	256
8139	272
8140	256
8141	272
8142	256
8143	304
8144	256
8145	256
8146	256
8147	256
8148	256
8149	256
8150	256
8151	272
8152	256
8153	288
8154	256
8155	256
8156	256
8157	272
8158	272
8159	256
8160	288
8161	272
8162	272
8163	256
8164	272
8165	272
8166	256
8167	272
8168	256
8169	272
8170	256
8171	256
8172	256
8173	256
8174	288
8175	256
8176	272
8177	256
8178	256
8179	272
8180	256
8181	272
8182	256
8183	256
8184	256
8185	256
8186	272
8187	256
8188	256
8189	272
8190	272
8191	288
8192	256
8193	256
8194	256
8195	256
8196	256
8197	288
8198	256
8199	256
8200	256
8201	272
8202	256
8203	256
8204	288
8205	272
8206	256
8207	272
8208	272
8209	256
8210	272
8211	256
8212	256
8213	272
8214	256
8215	256
8216	256
8217	256
8218	256
8219	272
8220	272
8221	256
8222	256
8223	272
8224	256
8225	256
8226	256
8227	256
8228	256
8229	288
8230	256
8231	256
8232	272
8233	272
8234	272
8235	256
8236	256
8237	256
8238	256
8239	256
8240	256
8241	256
8242	256
8243	256
8244	256
8245	272
8246	288
8247	288
8248	272
8249	288
8250	256
8251	256
8252	256
8253	256
8254	272
8255	256
8256	272
8257	256
8258	256
8259	304
8260	256
8261	272
8262	256
8263	272
8264	288
8265	256
8266	256
8267	256
8268	272
8269	272
8270	272
8271	256
8272	256
8273	256
8274	256
8275	272
8276	272
8277	256
8278	256
8279	256
8280	256
8281	256
8282	272
8283	256
8284	272
8285	256
8286	272
8287	256
8288	272
8289	272
8290	272
8291	288
8292	272
8293	272
8294	256
8295	256
8296	272
8297	272
8298	272
8299	272
8300	256
8301	272
8302	256
8303	256
8304	256
8305	256
8306	256
8307	288
8308	272
8309	256
8310	256
8311	256
8312	256
8313	288
8314	256
8315	272
8316	288
8317	256
8318	272
8319	256
8320	256
8321	256
8322	256
8323	272
8324	272
8325	272
8326	256
8327	272
8328	256
8329	256
8330	272
8331	256
8332	256
8333	288
8334	256
8335	256
8336	256
8337	288
8338	256
8339	256
8340	256
8341	272
8342	256
8343	256
8344	256
8345	288
8346	256
8347	256
8348	256
8349	256
8350	256
8351	272
8352	272
8353	288
8354	256
8355	272
8356	272
8357	272
8358	256
8359	256
8360	256
8361	256
8362	256
8363	288
8364	288
8365	256
8366	272
8367	272
8368	272
8369	288
8370	256
8371	256
8372	272
8373	256
8374	256
8375	272
8376	256
8377	256
8378	256
8379	256
8380	256
8381	272
8382	288
8383	256
8384	256
8385	256
8386	256
8387	256
8388	256
8389	256
8390	272
8391	272
8392	256
8393	256
8394	272
8395	256
8396	288
8397	256
8398	272
8399	256
8400	256
8401	272
8402	272
8403	272
8404	256
8405	272
8406	256
8407	272
8408	272
8409	256
8410	272
8411	288
8412	256
8413	272
8414	272
8415	272
8416	272
8417	256
8418	272
8419	256
8420	272
8421	256
8422	256
8423	256
8424	256
8425	256
8426	256
8427	272
8428	256
8429	256
8430	256
8431	256
8432	256
8433	256
8434	272
8435	288
8436	272
8437	256
8438	272
8439	256
8440	256
8441	272
8442	256
8443	256
8444	272
8445	256
8446	256
8447	272
8448	256
8449	256
8450	256
8451	256
8452	272
8453	256
8454	256
8455	256
8456	288
8457	256
8458	272
8459	272
8460	272
8461	256
8462	256
8463	304
8464	256
8465	256
8466	272
8467	256
8468	256
8469	256
8470	288
8471	256
8472	272
8473	272
8474	272
8475	272
8476	304
8477	272
8478	256
8479	288
8480	272
8481	272
8482	272
8483	256
8484	256
8485	256
8486	256
8487	272
8488	272
8489	256
8490	272
8491	288
8492	256
8493	272
8494	304
8495	256
8496	256
8497	272
8498	256
8499	256
8500	272
8501	272
8502	256
8503	272
8504	272
8505	256
8506	256
8507	256
8508	272
8509	272
8510	256
8511	256
8512	272
8513	272
8514	272
8515	272
8516	256
8517	272
8518	256
8519	256
8520	256
8521	256
8522	272
8523	256
8524	256
8525	256
8526	256
8527	272
8528	256
8529	256
8530	272
8531	272
8532	272
8533	256
8534	256
8535	256
8536	256
8537	288
8538	256
8539	288
8540	272
8541	256
8542	256
8543	272
8544	272
8545	256
8546	272
8547	256
8548	272
8549	256
8550	272
8551	272
8552	272
8553	256
8554	256
8555	256
8556	272
8557	256
8558	256
8559	256
8560	272
8561	272
8562	256
8563	256
8564	256
8565	256
8566	256
8567	272
8568	256
8569	256
8570	272
8571	272
8572	256
8573	272
8574	256
8575	272
8576	272
8577	272
8578	256
8579	256
8580	256
8581	272
8582	288
8583	272
8584	256
8585	256
8586	256
8587	256
8588	304
8589	272
8590	256
8591	272
8592	272
8593	288
8594	256
8595	272
8596	272
8597	272
8598	256
8599	256
8600	256
8601	272
8602	304
8603	256
8604	256
8605	304
8606	256
8607	256
8608	256
8609	256
8610	272
8611	288
8612	288
8613	256
8614	256
8615	256
8616	272
8617	256
8618	272
8619	256
8620	304
8621	288
8622	256
8623	272
8624	272
8625	288
8626	256
8627	272
8628	288
8629	256
8630	272
8631	256
8632	272
8633	256
8634	256
8635	256
8636	256
8637	256
8638	256
8639	256
8640	256
8641	256
8642	288
8643	256
8644	272
8645	256
8646	256
8647	256
8648	256
8649	288
8650	256
8651	256
8652	256
8653	256
8654	288
8655	288
8656	256
8657	256
8658	256
8659	272
8660	272
8661	272
8662	272
8663	256
8664	256
8665	288
8666	288
8667	288
8668	256
8669	288
8670	256
8671	256
8672	272
8673	272
8674	272
8675	272
8676	272
8677	272
8678	272
8679	256
8680	256
8681	272
8682	256
8683	256
8684	256
8685	272
8686	272
8687	272
8688	272
8689	256
8690	272
8691	272
8692	288
8693	288
8694	256
8695	272
8696	256
8697	256
8698	256
8699	272
8700	256
8701	272
8702	256
8703	256
8704	256
8705	256
8706	256
8707	256
8708	256
8709	256
8710	272
8711	288
8712	256
8713	256
8714	256
8715	256
8716	256
8717	288
8718	256
8719	256
8720	256
8721	256
8722	256
8723	256
8724	288
8725	256
8726	256
8727	272
8728	256
8729	256
8730	304
8731	256
8732	256
8733	256
8734	272
8735	256
8736	288
8737	256
8738	288
8739	304
8740	256
8741	256
8742	256
8743	256
8744	256
8745	256
8746	256
8747	256
8748	256
8749	256
8750	256
8751	256
8752	272
8753	256
8754	272
8755	304
8756	272
8757	272
8758	272
8759	256
8760	272
8761	272
8762	256
8763	272
8764	288
8765	288
8766	256
8767	256
8768	272
8769	272
8770	256
8771	288
8772	272
8773	256
8774	256
8775	288
8776	256
8777	256
8778	288
8779	272
8780	272
8781	256
8782	272
8783	256
8784	256
8785	288
8786	272
8787	272
8788	304
8789	288
8790	256
8791	320
8792	256
8793	256
8794	272
8795	272
8796	256
8797	272
8798	256
8799	272
8800	256
8801	272
8802	272
8803	272
8804	272
8805	256
8806	272
8807	256
8808	256
8809	272
8810	272
8811	256
8812	256
8813	272
8814	256
8815	256
8816	256
8817	288
8818	304
8819	272
8820	272
8821	304
8822	272
8823	256
8824	272
8825	288
8826	272
8827	272
8828	256
8829	272
8830	272
8831	272
8832	272
8833	256
8834	256
8835	256
8836	256
8837	256
8838	256
8839	256
8840	256
8841	256
8842	256
8843	256
8844	256
8845	256
8846	288
8847	272
8848	256
8849	256
8850	256
8851	256
8852	256
8853	288
8854	272
8855	272
8856	288
8857	256
8858	256
8859	272
8860	256
8861	272
8862	256
8863	256
8864	256
8865	256
8866	288
8867	256
8868	256
8869	272
8870	272
8871	272
8872	320
8873	272
8874	256
8875	256
8876	256
8877	256
8878	288
8879	272
8880	256
8881	272
8882	256
8883	272
8884	256
8885	256
8886	256
8887	272
8888	272
8889	256
8890	272
8891	256
8892	288
8893	256
8894	256
8895	288
8896	256
8897	256
8898	272
8899	256
8900	256
8901	256
8902	272
8903	256
8904	272
8905	256
8906	256
8907	272
8908	256
8909	256
8910	256
8911	272
8912	256
8913	304
8914	272
8915	272
8916	256
8917	272
8918	272
8919	288
8920	256
8921	256
8922	256
8923	272
8924	256
8925	272
8926	272
8927	256
8928	256
8929	256
8930	256
8931	272
8932	272
8933	272
8934	256
8935	256
8936	272
8937	288
8938	272
8939	256
8940	272
8941	256
8942	256
8943	272
8944	256
8945	304
8946	256
8947	256
8948	256
8949	272
8950	272
8951	272
8952	272
8953	256
8954	256
8955	256
8956	288
8957	272
8958	256
8959	256
8960	272
8961	256
8962	256
8963	272
8964	256
8965	256
8966	256
8967	256
8968	256
8969	272
8970	256
8971	304
8972	256
8973	272
8974	256
8975	256
8976	272
8977	272
8978	256
8979	256
8980	256
8981	272
8982	256
8983	272
8984	256
8985	256
8986	272
8987	256
8988	256
8989	256
8990	256
8991	256
8992	256
8993	288
8994	256
8995	256
8996	256
8997	256
8998	272
8999	256
9000	288
9001	272
9002	256
9003	256
9004	288
9005	256
9006	256
9007	256
9008	256
9009	256
9010	256
9011	256
9012	272
9013	256
9014	272
9015	272
9016	256
9017	256
9018	256
9019	272
9020	256
9021	256
9022	256
9023	272
9024	272
9025	288
9026	272
9027	272
9028	256
9029	256
9030	256
9031	272
9032	256
9033	272
9034	256
9035	256
9036	256
9037	272
9038	272
9039	272
9040	272
9041	256
9042	272
9043	256
9044	272
9045	256
9046	272
9047	256
9048	256
9049	272
9050	256
9051	256
9052	288
9053	272
9054	256
9055	256
9056	272
9057	256
9058	256
9059	256
9060	256
9061	256
9062	288
9063	256
9064	256
9065	256
9066	256
9067	272
9068	256
9069	272
9070	256
9071	256
9072	256
9073	256
9074	256
9075	272
9076	256
9077	272
9078	288
9079	256
9080	288
9081	272
9082	256
9083	256
9084	272
9085	256
9086	272
9087	272
9088	256
9089	272
9090	256
9091	256
9092	272
9093	256
9094	256
9095	256
9096	256
9097	256
9098	256
9099	256
9100	256
9101	256
9102	256
9103	256
9104	272
9105	272
9106	256
9107	256
9108	256
9109	256
9110	304
9111	256
9112	256
9113	256
9114	272
9115	256
9116	256
9117	272
9118	256
9119	256
9120	288
9121	256
9122	272
9123	272
9124	272
9125	272
9126	256
9127	272
9128	256
9129	288
9130	256
9131	272
9132	256
9133	272
9134	256
9135	256
9136	256
9137	256
9138	272
9139	272
9140	256
9141	272
9142	288
9143	272
9144	256
9145	272
9146	272
9147	272
9148	256
9149	272
9150	288
9151	256
9152	256
9153	272
9154	272
9155	256
9156	272
9157	320
9158	256
9159	256
9160	256
9161	256
9162	272
9163	256
9164	256
9165	256
9166	256
9167	256
9168	272
9169	256
9170	272
9171	256
9172	272
9173	256
9174	256
9175	256
9176	272
9177	272
9178	272
9179	256
9180	272
9181	256
9182	288
9183	272
9184	272
9185	256
9186	256
9187	272
9188	272
9189	256
9190	256
9191	256
9192	288
9193	256
9194	256
9195	304
9196	272
9197	272
9198	256
9199	272
9200	272
9201	256
9202	304
9203	288
9204	272
9205	256
9206	256
9207	256
9208	256
9209	256
9210	288
9211	256
9212	256
9213	272
9214	272
9215	304
9216	272
9217	272
9218	256
9219	256
9220	272
9221	272
9222	304
9223	256
9224	256
9225	272
9226	320
9227	272
9228	272
9229	288
9230	288
9231	256
9232	256
9233	272
9234	256
9235	288
9236	272
9237	272
9238	256
9239	256
9240	256
9241	256
9242	272
9243	256
9244	272
9245	272
9246	272
9247	272
9248	256
9249	256
9250	256
9251	256
9252	256
9253	256
9254	272
9255	256
9256	256
9257	288
9258	272
9259	272
9260	288
9261	272
9262	288
9263	256
9264	256
9265	256
9266	256
9267	256
9268	304
9269	256
9270	272
9271	256
9272	272
9273	256
9274	256
9275	256
9276	256
9277	272
9278	256
9279	256
9280	288
9281	272
9282	272
9283	272
9284	256
9285	256
9286	256
9287	256
9288	256
9289	272
9290	272
9291	272
9292	304
9293	272
9294	272
9295	256
9296	256
9297	272
9298	256
9299	256
9300	256
9301	256
9302	256
9303	272
9304	256
9305	256
9306	256
9307	272
9308	256
9309	256
9310	288
9311	256
9312	256
9313	272
9314	288
9315	272
9316	288
9317	288
9318	256
9319	256
9320	288
9321	256
9322	272
9323	272
9324	256
9325	256
9326	272
9327	256
9328	256
9329	272
9330	256
9331	288
9332	256
9333	256
9334	256
9335	272
9336	256
9337	288
9338	288
9339	272
9340	272
9341	272
9342	272
9343	288
9344	272
9345	256
9346	256
9347	256
9348	256
9349	256
9350	256
9351	256
9352	272
9353	272
9354	272
9355	256
9356	256
9357	256
9358	256
9359	256
9360	288
9361	256
9362	256
9363	272
9364	272
9365	272
9366	272
9367	272
9368	272
9369	256
9370	256
9371	272
9372	256
9373	256
9374	256
9375	256
9376	256
9377	272
9378	256
9379	256
9380	288
9381	272
9382	272
9383	256
9384	272
9385	256
9386	272
9387	272
9388	256
9389	272
9390	256
9391	272
9392	256
9393	256
9394	256
9395	256
9396	256
9397	256
9398	256
9399	256
9400	256
9401	256
9402	256
9403	272
9404	256
9405	256
9406	272
9407	256
9408	256
9409	256
9410	256
9411	256
9412	256
9413	272
9414	256
9415	256
9416	256
9417	256
9418	256
9419	256
9420	272
9421	272
9422	256
9423	256
9424	256
9425	272
9426	272
9427	256
9428	304
9429	256
9430	256
9431	256
9432	256
9433	256
9434	256
9435	272
9436	272
9437	256
9438	256
9439	256
9440	272
9441	256
9442	256
9443	272
9444	256
9445	304
9446	272
9447	256
9448	256
9449	256
9450	272
9451	272
9452	256
9453	256
9454	256
9455	288
9456	256
9457	256
9458	272
9459	256
9460	256
9461	272
9462	272
9463	272
9464	272
9465	256
9466	272
9467	256
9468	256
9469	256
9470	272
9471	256
9472	256
9473	256
9474	256
9475	288
9476	272
9477	272
9478	256
9479	272
9480	256
9481	256
9482	256
9483	256
9484	272
9485	256
9486	272
9487	272
9488	256
9489	256
9490	272
9491	272
9492	256
9493	256
9494	272
9495	288
9496	272
9497	256
9498	256
9499	288
9500	272
9501	256
9502	272
9503	256
9504	256
9505	272
9506	272
9507	272
9508	256
9509	256
9510	272
9511	288
9512	256
9513	272
9514	272
9515	272
9516	256
9517	256
9518	256
9519	272
9520	256
9521	272
9522	272
9523	272
9524	256
9525	272
9526	272
9527	256
9528	256
9529	304
9530	272
9531	256
9532	288
9533	272
9534	272
9535	256
9536	256
9537	256
9538	256
9539	256
9540	256
9541	256
9542	256
9543	272
9544	256
9545	272
9546	288
9547	288
9548	272
9549	272
9550	256
9551	272
9552	256
9553	256
9554	288
9555	256
9556	272
9557	256
9558	272
9559	256
9560	272
9561	272
9562	304
9563	256
9564	256
9565	288
9566	256
9567	256
9568	256
9569	272
9570	256
9571	256
9572	288
9573	304
9574	256
9575	272
9576	256
9577	288
9578	256
9579	256
9580	288
9581	272
9582	288
9583	256
9584	272
9585	272
9586	288
9587	256
9588	256
9589	256
9590	256
9591	256
9592	256
9593	256
9594	272
9595	272
9596	256
9597	256
9598	272
9599	304
9600	256
9601	272
9602	256
9603	272
9604	256
9605	256
9606	288
9607	272
9608	256
9609	272
9610	256
9611	272
9612	256
9613	272
9614	288
9615	256
9616	272
9617	256
9618	256
9619	256
9620	256
9621	256
9622	272
9623	272
9624	256
9625	256
9626	256
9627	256
9628	256
9629	272
9630	256
9631	288
9632	256
9633	256
9634	272
9635	256
9636	272
9637	256
9638	272
9639	272
9640	272
9641	272
9642	256
9643	256
9644	256
9645	272
9646	272
9647	256
9648	256
9649	288
9650	272
9651	288
9652	272
9653	256
9654	256
9655	256
9656	256
9657	256
9658	256
9659	256
9660	256
9661	256
9662	288
9663	272
9664	272
9665	272
9666	272
9667	256
9668	272
9669	256
9670	256
9671	272
9672	272
9673	272
9674	256
9675	272
9676	272
9677	272
9678	256
9679	272
9680	256
9681	256
9682	304
9683	256
9684	256
9685	256
9686	256
9687	256
9688	256
9689	256
9690	256
9691	256
9692	256
9693	256
9694	256
9695	272
9696	256
9697	272
9698	256
9699	256
9700	288
9701	256
9702	256
9703	272
9704	256
9705	288
9706	256
9707	256
9708	256
9709	256
9710	256
9711	256
9712	272
9713	272
9714	272
9715	256
9716	272
9717	256
9718	272
9719	272
9720	256
9721	272
9722	272
9723	256
9724	256
9725	256
9726	256
9727	272
9728	256
9729	288
9730	256
9731	256
9732	256
9733	272
9734	256
9735	272
9736	272
9737	256
9738	256
9739	272
9740	256
9741	256
9742	256
9743	256
9744	256
9745	256
9746	272
9747	272
9748	256
9749	256
9750	256
9751	272
9752	256
9753	272
9754	256
9755	272
9756	256
9757	272
9758	256
9759	272
9760	272
9761	272
9762	256
9763	288
9764	272
9765	272
9766	256
9767	272
9768	256
9769	256
9770	256
9771	256
9772	256
9773	256
9774	256
9775	256
9776	272
9777	272
9778	272
9779	272
9780	256
9781	256
9782	256
9783	256
9784	256
9785	288
9786	256
9787	256
9788	256
9789	288
9790	272
9791	288
9792	256
9793	256
9794	272
9795	256
9796	288
9797	256
9798	256
9799	256
9800	256
9801	256
9802	256
9803	288
9804	256
9805	304
9806	272
9807	272
9808	256
9809	256
9810	256
9811	256
9812	256
9813	256
9814	272
9815	256
9816	272
9817	256
9818	256
9819	272
9820	272
9821	272
9822	272
9823	256
9824	272
9825	256
9826	256
9827	256
9828	272
9829	256
9830	256
9831	272
9832	256
9833	256
9834	272
9835	272
9836	256
9837	288
9838	256
9839	272
9840	256
9841	256
9842	272
9843	288
9844	256
9845	256
9846	288
9847	272
9848	256
9849	272
9850	256
9851	272
9852	256
9853	256
9854	256
9855	256
9856	256
9857	272
9858	256
9859	256
9860	272
9861	272
9862	256
9863	272
9864	288
9865	256
9866	256
9867	256
9868	256
9869	256
9870	256
9871	256
9872	256
9873	272
9874	272
9875	272
9876	256
9877	272
9878	256
9879	256
9880	256
9881	272
9882	288
9883	256
9884	256
9885	256
9886	256
9887	256
9888	256
9889	256
9890	288
9891	256
9892	256
9893	256
9894	256
9895	272
9896	272
9897	256
9898	256
9899	256
9900	272
9901	256
9902	256
9903	256
9904	256
9905	256
9906	272
9907	256
9908	272
9909	256
9910	256
9911	256
9912	256
9913	256
9914	256
9915	256
9916	272
9917	288
9918	288
9919	256
9920	272
9921	256
9922	256
9923	256
9924	256
9925	288
9926	256
9927	256
9928	272
9929	272
9930	256
9931	256
9932	256
9933	272
9934	256
9935	272
9936	256
9937	272
9938	272
9939	256
9940	272
9941	256
9942	288
9943	256
9944	256
9945	256
9946	256
9947	256
9948	256
9949	256
9950	272
9951	256
9952	256
9953	272
9954	272
9955	256
9956	256
9957	272
9958	288
9959	272
9960	272
9961	256
9962	288
9963	256
9964	272
9965	256
9966	272
9967	256
9968	256
9969	272
9970	256
9971	256
9972	272
9973	256
9974	256
9975	272
9976	272
9977	256
9978	256
9979	256
9980	272
9981	272
9982	256
9983	288
9984	256
9985	256
9986	288
9987	256
9988	272
9989	272
9990	272
9991	272
9992	256
9993	288
9994	272
9995	256
9996	256
9997	272
9998	256
9999	272
