0	603
1	674
2	1388
3	1209
4	753
5	928
6	904
7	762
8	742
9	1027
10	983
11	1160
12	1375
13	1101
14	525
15	864
16	851
17	687
18	1387
19	973
20	526
21	942
22	774
23	587
24	692
25	874
26	664
27	802
28	513
29	594
30	856
31	756
32	675
33	1708
34	754
35	738
36	1160
37	428
38	1038
39	711
40	671
41	721
42	847
43	1006
44	992
45	646
46	703
47	1070
48	1036
49	693
50	522
51	687
52	679
53	979
54	648
55	868
56	684
57	766
58	421
59	648
60	1162
61	517
62	799
63	883
64	1207
65	1000
66	526
67	615
68	975
69	882
70	902
71	586
72	805
73	526
74	634
75	903
76	812
77	524
78	653
79	574
80	1009
81	802
82	452
83	1250
84	628
85	632
86	717
87	733
88	841
89	673
90	566
91	677
92	1226
93	756
94	619
95	998
96	888
97	519
98	537
99	885
100	297
101	824
102	765
103	880
104	1000
105	726
106	665
107	769
108	2200
109	622
110	789
111	685
112	748
113	621
114	1663
115	731
116	1013
117	696
118	730
119	942
120	780
121	699
122	876
123	588
124	713
125	549
126	778
127	514
128	540
129	852
130	1232
131	1585
132	678
133	755
134	806
135	1351
136	1452
137	936
138	742
139	934
140	890
141	688
142	561
143	696
144	493
145	1131
146	1486
147	522
148	826
149	768
150	971
151	810
152	555
153	541
154	810
155	801
156	853
157	587
158	1150
159	535
160	1006
161	592
162	746
163	1253
164	353
165	819
166	811
167	1042
168	942
169	699
170	558
171	980
172	1413
173	1140
174	946
175	935
176	745
177	641
178	766
179	883
180	757
181	704
182	652
183	1202
184	662
185	680
186	938
187	1126
188	790
189	851
190	649
191	1015
192	1103
193	1234
194	1198
195	638
196	532
197	813
198	701
199	1207
200	972
201	1632
202	516
203	842
204	626
205	837
206	587
207	443
208	512
209	409
210	755
211	816
212	711
213	616
214	828
215	794
216	665
217	1500
218	687
219	1066
220	552
221	851
222	566
223	490
224	400
225	864
226	828
227	896
228	1503
229	477
230	1133
231	573
232	537
233	1086
234	966
235	451
236	902
237	421
238	844
239	684
240	787
241	384
242	1403
243	1029
244	858
245	632
246	608
247	859
248	450
249	856
250	620
251	457
252	671
253	543
254	925
255	835
256	765
257	700
258	610
259	958
260	1062
261	915
262	1060
263	795
264	871
265	1114
266	871
267	1153
268	804
269	1298
270	612
271	267
272	580
273	943
274	1006
275	914
276	762
277	1231
278	587
279	1093
280	839
281	861
282	997
283	606
284	811
285	745
286	646
287	791
288	782
289	1394
290	1932
291	702
292	720
293	948
294	605
295	858
296	684
297	1282
298	1102
299	617
300	678
301	951
302	623
303	1169
304	893
305	548
306	802
307	892
308	745
309	1347
310	882
311	1049
312	563
313	987
314	369
315	771
316	855
317	720
318	432
319	818
320	1014
321	670
322	1152
323	508
324	639
325	686
326	804
327	659
328	563
329	658
330	766
331	497
332	816
333	783
334	837
335	1022
336	644
337	1517
338	891
339	721
340	760
341	839
342	527
343	759
344	945
345	640
346	705
347	1141
348	866
349	911
350	713
351	820
352	912
353	1190
354	1055
355	978
356	682
357	661
358	817
359	519
360	1117
361	1077
362	788
363	1006
364	885
365	676
366	533
367	351
368	689
369	973
370	1211
371	1440
372	744
373	1033
374	552
375	954
376	961
377	584
378	1066
379	760
380	769
381	739
382	692
383	529
384	745
385	754
386	1159
387	978
388	748
389	1061
390	812
391	743
392	827
393	1075
394	958
395	361
396	729
397	900
398	1019
399	818
400	1198
401	796
402	630
403	522
404	857
405	543
406	773
407	737
408	452
409	784
410	936
411	1020
412	671
413	947
414	869
415	1072
416	829
417	554
418	545
419	670
420	866
421	911
422	741
423	961
424	426
425	797
426	597
427	638
428	526
429	770
430	1148
431	860
432	816
433	808
434	922
435	841
436	1121
437	806
438	562
439	541
440	742
441	753
442	634
443	865
444	495
445	533
446	672
447	1076
448	1299
449	1130
450	782
451	818
452	955
453	878
454	999
455	1290
456	841
457	858
458	545
459	447
460	528
461	679
462	444
463	1033
464	792
465	1056
466	950
467	1014
468	864
469	721
470	781
471	1333
472	1144
473	1723
474	1018
475	811
476	922
477	694
478	666
479	430
480	625
481	1092
482	777
483	860
484	831
485	1115
486	1735
487	1161
488	802
489	912
490	726
491	739
492	769
493	978
494	1540
495	777
496	1422
497	563
498	879
499	1274
500	965
501	1025
502	640
503	717
504	1558
505	862
506	835
507	877
508	608
509	896
510	1106
511	663
512	1092
513	794
514	957
515	591
516	1019
517	609
518	1142
519	730
520	810
521	626
522	622
523	596
524	938
525	1285
526	778
527	648
528	792
529	815
530	1056
531	773
532	737
533	688
534	803
535	557
536	818
537	586
538	603
539	661
540	810
541	749
542	1147
543	856
544	645
545	613
546	1095
547	1065
548	590
549	555
550	502
551	827
552	333
553	834
554	541
555	708
556	1013
557	1425
558	657
559	613
560	812
561	673
562	981
563	1170
564	839
565	808
566	1060
567	934
568	584
569	733
570	567
571	1196
572	641
573	1292
574	708
575	834
576	822
577	922
578	699
579	850
580	932
581	728
582	1028
583	881
584	543
585	987
586	889
587	1213
588	696
589	613
590	683
591	1458
592	765
593	721
594	631
595	1262
596	786
597	748
598	769
599	1032
600	911
601	709
602	496
603	1002
604	639
605	514
606	1423
607	1193
608	824
609	502
610	894
611	815
612	546
613	693
614	1306
615	1039
616	770
617	731
618	1166
619	678
620	509
621	692
622	613
623	895
624	1179
625	858
626	899
627	834
628	627
629	1047
630	1300
631	869
632	1105
633	832
634	655
635	681
636	555
637	1034
638	1131
639	1287
640	775
641	790
642	599
643	799
644	741
645	742
646	1036
647	575
648	562
649	1015
650	626
651	842
652	964
653	1058
654	655
655	823
656	900
657	882
658	539
659	712
660	641
661	575
662	919
663	1055
664	507
665	935
666	850
667	796
668	699
669	1178
670	944
671	631
672	617
673	732
674	982
675	567
676	725
677	700
678	776
679	977
680	886
681	847
682	768
683	713
684	887
685	1029
686	716
687	702
688	700
689	910
690	694
691	570
692	840
693	1504
694	901
695	1057
696	556
697	730
698	641
699	605
700	1020
701	1333
702	797
703	640
704	711
705	876
706	1081
707	645
708	711
709	914
710	783
711	1099
712	616
713	880
714	853
715	835
716	708
717	603
718	1607
719	671
720	782
721	950
722	670
723	1056
724	874
725	625
726	768
727	778
728	492
729	754
730	1320
731	848
732	790
733	772
734	669
735	781
736	928
737	501
738	707
739	875
740	505
741	710
742	625
743	835
744	700
745	582
746	563
747	745
748	1234
749	595
750	313
751	620
752	669
753	840
754	1034
755	1378
756	1585
757	1397
758	1266
759	622
760	1115
761	680
762	794
763	515
764	677
765	1569
766	885
767	559
768	586
769	987
770	581
771	750
772	482
773	978
774	1006
775	849
776	1034
777	646
778	1491
779	385
780	563
781	874
782	541
783	786
784	662
785	808
786	734
787	893
788	858
789	945
790	1041
791	852
792	738
793	818
794	1031
795	990
796	537
797	720
798	715
799	645
800	673
801	655
802	810
803	519
804	930
805	979
806	540
807	620
808	976
809	1251
810	905
811	1366
812	980
813	960
814	924
815	1002
816	638
817	885
818	732
819	828
820	979
821	624
822	823
823	1040
824	698
825	706
826	964
827	1256
828	810
829	952
830	924
831	604
832	1956
833	916
834	1108
835	867
836	1071
837	943
838	723
839	1172
840	890
841	806
842	603
843	906
844	387
845	961
846	808
847	698
848	679
849	1397
850	1008
851	696
852	695
853	890
854	738
855	490
856	636
857	616
858	581
859	807
860	1098
861	720
862	724
863	534
864	951
865	459
866	608
867	1005
868	470
869	672
870	748
871	903
872	672
873	931
874	783
875	609
876	531
877	1043
878	757
879	925
880	586
881	618
882	688
883	975
884	796
885	943
886	677
887	569
888	507
889	1109
890	1045
891	720
892	1137
893	653
894	705
895	961
896	711
897	1096
898	626
899	930
900	772
901	633
902	821
903	1047
904	746
905	837
906	854
907	465
908	467
909	657
910	827
911	906
912	468
913	1303
914	634
915	512
916	548
917	609
918	595
919	907
920	799
921	719
922	770
923	870
924	1000
925	756
926	1025
927	1403
928	622
929	909
930	662
931	989
932	1237
933	517
934	649
935	465
936	953
937	551
938	1332
939	772
940	767
941	1074
942	693
943	722
944	796
945	517
946	969
947	793
948	767
949	1107
950	1153
951	986
952	547
953	481
954	770
955	842
956	335
957	1190
958	798
959	822
960	1181
961	964
962	421
963	943
964	1398
965	983
966	490
967	1155
968	1095
969	893
970	1075
971	831
972	786
973	644
974	594
975	855
976	921
977	1112
978	900
979	573
980	816
981	1064
982	964
983	692
984	971
985	601
986	733
987	626
988	1062
989	810
990	749
991	1045
992	950
993	735
994	672
995	753
996	1363
997	554
998	562
999	882
1000	880
1001	705
1002	854
1003	769
1004	680
1005	761
1006	835
1007	691
1008	644
1009	1005
1010	813
1011	975
1012	937
1013	1155
1014	784
1015	1445
1016	1094
1017	661
1018	859
1019	905
1020	1186
1021	934
1022	731
1023	1099
1024	1058
1025	764
1026	669
1027	1076
1028	1100
1029	348
1030	564
1031	860
1032	1133
1033	721
1034	1003
1035	978
1036	894
1037	496
1038	726
1039	934
1040	1197
1041	555
1042	707
1043	687
1044	338
1045	477
1046	1114
1047	815
1048	1204
1049	667
1050	674
1051	788
1052	520
1053	708
1054	1156
1055	787
1056	824
1057	867
1058	1008
1059	625
1060	759
1061	1070
1062	590
1063	604
1064	685
1065	722
1066	443
1067	685
1068	565
1069	542
1070	885
1071	990
1072	885
1073	657
1074	669
1075	868
1076	945
1077	583
1078	832
1079	814
1080	728
1081	907
1082	767
1083	592
1084	1800
1085	697
1086	854
1087	840
1088	845
1089	818
1090	1193
1091	533
1092	737
1093	930
1094	1294
1095	745
1096	780
1097	598
1098	529
1099	691
1100	912
1101	1001
1102	828
1103	925
1104	1042
1105	1099
1106	849
1107	351
1108	809
1109	1017
1110	853
1111	604
1112	860
1113	947
1114	613
1115	1356
1116	790
1117	1364
1118	857
1119	1164
1120	738
1121	633
1122	978
1123	630
1124	614
1125	584
1126	708
1127	1220
1128	622
1129	648
1130	636
1131	1577
1132	775
1133	682
1134	512
1135	615
1136	997
1137	457
1138	893
1139	709
1140	739
1141	603
1142	1222
1143	597
1144	446
1145	900
1146	1169
1147	830
1148	831
1149	750
1150	817
1151	531
1152	952
1153	548
1154	1254
1155	878
1156	776
1157	938
1158	531
1159	735
1160	598
1161	720
1162	811
1163	1039
1164	462
1165	1313
1166	988
1167	516
1168	630
1169	865
1170	423
1171	696
1172	1437
1173	756
1174	588
1175	1196
1176	555
1177	1043
1178	694
1179	1232
1180	588
1181	710
1182	719
1183	1058
1184	956
1185	1035
1186	563
1187	969
1188	728
1189	931
1190	964
1191	1169
1192	624
1193	539
1194	661
1195	625
1196	774
1197	434
1198	894
1199	871
1200	758
1201	682
1202	626
1203	545
1204	677
1205	887
1206	565
1207	996
1208	427
1209	505
1210	686
1211	561
1212	504
1213	811
1214	563
1215	519
1216	351
1217	678
1218	967
1219	1095
1220	1034
1221	1138
1222	681
1223	482
1224	658
1225	709
1226	550
1227	1048
1228	603
1229	1061
1230	679
1231	1051
1232	888
1233	774
1234	772
1235	810
1236	1461
1237	501
1238	636
1239	776
1240	851
1241	856
1242	910
1243	1371
1244	1025
1245	669
1246	805
1247	697
1248	675
1249	635
1250	826
1251	885
1252	897
1253	906
1254	1030
1255	696
1256	741
1257	719
1258	1085
1259	610
1260	1052
1261	541
1262	700
1263	919
1264	835
1265	1083
1266	391
1267	500
1268	559
1269	648
1270	771
1271	891
1272	589
1273	966
1274	390
1275	1024
1276	1147
1277	606
1278	522
1279	808
1280	944
1281	816
1282	645
1283	940
1284	532
1285	951
1286	467
1287	651
1288	745
1289	943
1290	798
1291	682
1292	719
1293	805
1294	621
1295	446
1296	1080
1297	641
1298	969
1299	1172
1300	992
1301	1033
1302	939
1303	591
1304	594
1305	1527
1306	975
1307	745
1308	623
1309	728
1310	553
1311	728
1312	780
1313	1387
1314	891
1315	1034
1316	475
1317	752
1318	891
1319	1018
1320	618
1321	885
1322	489
1323	1429
1324	927
1325	1276
1326	990
1327	755
1328	566
1329	693
1330	799
1331	872
1332	517
1333	1047
1334	646
1335	1605
1336	530
1337	942
1338	853
1339	1184
1340	837
1341	1079
1342	567
1343	942
1344	763
1345	849
1346	722
1347	864
1348	723
1349	650
1350	907
1351	940
1352	1068
1353	746
1354	433
1355	704
1356	482
1357	675
1358	874
1359	549
1360	1108
1361	1229
1362	529
1363	822
1364	841
1365	979
1366	430
1367	725
1368	847
1369	1371
1370	696
1371	858
1372	647
1373	799
1374	806
1375	708
1376	1154
1377	1148
1378	859
1379	531
1380	643
1381	663
1382	622
1383	448
1384	667
1385	543
1386	743
1387	957
1388	880
1389	873
1390	1026
1391	975
1392	1014
1393	1006
1394	1010
1395	989
1396	683
1397	1431
1398	443
1399	912
1400	1109
1401	864
1402	593
1403	622
1404	764
1405	1048
1406	731
1407	521
1408	458
1409	489
1410	630
1411	588
1412	799
1413	717
1414	699
1415	1285
1416	830
1417	503
1418	997
1419	1121
1420	896
1421	587
1422	790
1423	676
1424	921
1425	807
1426	856
1427	849
1428	721
1429	750
1430	675
1431	720
1432	552
1433	561
1434	1439
1435	753
1436	492
1437	674
1438	792
1439	777
1440	537
1441	833
1442	542
1443	1176
1444	1146
1445	648
1446	845
1447	1109
1448	1109
1449	779
1450	789
1451	847
1452	769
1453	1689
1454	823
1455	862
1456	920
1457	566
1458	845
1459	1149
1460	474
1461	601
1462	1161
1463	1466
1464	541
1465	523
1466	956
1467	882
1468	696
1469	479
1470	1135
1471	509
1472	1354
1473	483
1474	860
1475	1114
1476	742
1477	661
1478	334
1479	948
1480	1010
1481	890
1482	625
1483	618
1484	842
1485	971
1486	1392
1487	1135
1488	957
1489	479
1490	1508
1491	890
1492	1072
1493	600
1494	776
1495	1146
1496	779
1497	968
1498	777
1499	939
1500	788
1501	1352
1502	979
1503	1029
1504	597
1505	843
1506	1009
1507	1192
1508	708
1509	858
1510	719
1511	661
1512	728
1513	857
1514	765
1515	643
1516	925
1517	678
1518	585
1519	764
1520	549
1521	773
1522	687
1523	441
1524	993
1525	1202
1526	1189
1527	1103
1528	710
1529	817
1530	1099
1531	686
1532	627
1533	504
1534	539
1535	813
1536	872
1537	1210
1538	1097
1539	507
1540	683
1541	835
1542	850
1543	530
1544	1339
1545	573
1546	1068
1547	458
1548	920
1549	492
1550	541
1551	762
1552	684
1553	408
1554	945
1555	916
1556	1243
1557	635
1558	1236
1559	1287
1560	1057
1561	818
1562	782
1563	616
1564	758
1565	787
1566	844
1567	1869
1568	857
1569	638
1570	813
1571	689
1572	814
1573	568
1574	516
1575	1404
1576	462
1577	764
1578	803
1579	1032
1580	634
1581	754
1582	626
1583	607
1584	832
1585	929
1586	714
1587	516
1588	648
1589	595
1590	574
1591	1073
1592	1099
1593	1259
1594	941
1595	725
1596	976
1597	592
1598	873
1599	840
1600	689
1601	813
1602	745
1603	529
1604	729
1605	726
1606	1252
1607	385
1608	536
1609	1321
1610	1176
1611	1158
1612	839
1613	652
1614	674
1615	878
1616	1059
1617	1247
1618	923
1619	783
1620	838
1621	690
1622	511
1623	538
1624	669
1625	710
1626	734
1627	1126
1628	1027
1629	1153
1630	1221
1631	824
1632	748
1633	761
1634	782
1635	980
1636	627
1637	788
1638	856
1639	738
1640	688
1641	911
1642	1073
1643	483
1644	416
1645	532
1646	648
1647	788
1648	1130
1649	733
1650	797
1651	983
1652	572
1653	524
1654	595
1655	629
1656	438
1657	1117
1658	602
1659	822
1660	511
1661	708
1662	351
1663	937
1664	786
1665	871
1666	722
1667	818
1668	790
1669	1095
1670	584
1671	735
1672	633
1673	726
1674	357
1675	702
1676	983
1677	506
1678	735
1679	760
1680	745
1681	927
1682	927
1683	800
1684	1122
1685	801
1686	660
1687	964
1688	851
1689	623
1690	644
1691	814
1692	999
1693	1004
1694	698
1695	770
1696	757
1697	722
1698	1071
1699	866
1700	928
1701	936
1702	1182
1703	775
1704	1275
1705	902
1706	790
1707	986
1708	554
1709	449
1710	1010
1711	645
1712	753
1713	858
1714	681
1715	763
1716	531
1717	908
1718	899
1719	764
1720	600
1721	1420
1722	810
1723	847
1724	954
1725	935
1726	697
1727	641
1728	788
1729	603
1730	1189
1731	533
1732	707
1733	450
1734	1265
1735	664
1736	513
1737	853
1738	763
1739	861
1740	1274
1741	608
1742	529
1743	779
1744	669
1745	886
1746	560
1747	560
1748	868
1749	1455
1750	523
1751	1272
1752	1354
1753	916
1754	1202
1755	855
1756	656
1757	872
1758	833
1759	617
1760	1361
1761	614
1762	935
1763	615
1764	987
1765	975
1766	521
1767	599
1768	848
1769	942
1770	464
1771	592
1772	578
1773	1135
1774	560
1775	1389
1776	889
1777	538
1778	569
1779	915
1780	789
1781	1316
1782	703
1783	733
1784	665
1785	499
1786	496
1787	754
1788	1199
1789	1003
1790	471
1791	895
1792	668
1793	841
1794	1127
1795	806
1796	772
1797	540
1798	957
1799	711
1800	843
1801	894
1802	1177
1803	802
1804	1189
1805	560
1806	689
1807	1018
1808	589
1809	1209
1810	703
1811	993
1812	1012
1813	1237
1814	1131
1815	680
1816	541
1817	1193
1818	1052
1819	571
1820	431
1821	970
1822	1084
1823	778
1824	926
1825	667
1826	1023
1827	469
1828	1258
1829	458
1830	1001
1831	802
1832	1032
1833	765
1834	891
1835	1023
1836	699
1837	601
1838	853
1839	891
1840	1295
1841	534
1842	882
1843	1030
1844	472
1845	604
1846	923
1847	558
1848	651
1849	779
1850	1094
1851	852
1852	346
1853	1061
1854	888
1855	801
1856	1017
1857	702
1858	828
1859	885
1860	1046
1861	1340
1862	725
1863	883
1864	920
1865	1012
1866	979
1867	1070
1868	769
1869	311
1870	586
1871	705
1872	719
1873	668
1874	883
1875	764
1876	659
1877	521
1878	674
1879	783
1880	555
1881	574
1882	607
1883	969
1884	1148
1885	932
1886	724
1887	936
1888	1506
1889	733
1890	1115
1891	607
1892	698
1893	1038
1894	1003
1895	1113
1896	798
1897	1053
1898	525
1899	1010
1900	612
1901	490
1902	668
1903	874
1904	594
1905	857
1906	645
1907	501
1908	673
1909	623
1910	778
1911	775
1912	1127
1913	1326
1914	1141
1915	700
1916	1613
1917	1011
1918	651
1919	1155
1920	719
1921	768
1922	732
1923	947
1924	1421
1925	497
1926	563
1927	686
1928	830
1929	752
1930	911
1931	796
1932	875
1933	663
1934	1334
1935	475
1936	526
1937	644
1938	873
1939	1047
1940	805
1941	891
1942	589
1943	918
1944	658
1945	861
1946	687
1947	614
1948	1205
1949	722
1950	575
1951	1041
1952	929
1953	1199
1954	685
1955	336
1956	911
1957	759
1958	1390
1959	788
1960	501
1961	825
1962	798
1963	860
1964	634
1965	881
1966	1017
1967	1039
1968	632
1969	538
1970	772
1971	734
1972	728
1973	603
1974	538
1975	732
1976	723
1977	751
1978	627
1979	763
1980	654
1981	849
1982	630
1983	708
1984	968
1985	603
1986	1784
1987	857
1988	860
1989	1003
1990	617
1991	665
1992	331
1993	829
1994	382
1995	778
1996	478
1997	750
1998	1050
1999	1051
2000	854
2001	719
2002	764
2003	637
2004	770
2005	657
2006	585
2007	909
2008	604
2009	511
2010	914
2011	785
2012	883
2013	1394
2014	568
2015	483
2016	828
2017	888
2018	1045
2019	1005
2020	729
2021	764
2022	536
2023	773
2024	650
2025	741
2026	850
2027	905
2028	596
2029	699
2030	760
2031	826
2032	857
2033	782
2034	877
2035	813
2036	758
2037	527
2038	1161
2039	1435
2040	1222
2041	724
2042	892
2043	808
2044	884
2045	655
2046	521
2047	749
2048	736
2049	829
2050	624
2051	1129
2052	1032
2053	697
2054	738
2055	877
2056	939
2057	786
2058	511
2059	775
2060	675
2061	436
2062	1146
2063	1184
2064	614
2065	443
2066	781
2067	685
2068	435
2069	865
2070	826
2071	1322
2072	1171
2073	791
2074	656
2075	918
2076	1027
2077	906
2078	563
2079	713
2080	1230
2081	752
2082	922
2083	621
2084	848
2085	973
2086	1301
2087	822
2088	1644
2089	740
2090	1119
2091	894
2092	630
2093	915
2094	727
2095	791
2096	1224
2097	788
2098	827
2099	1014
2100	693
2101	844
2102	544
2103	929
2104	589
2105	604
2106	624
2107	737
2108	600
2109	865
2110	432
2111	795
2112	637
2113	597
2114	1595
2115	691
2116	446
2117	452
2118	1007
2119	703
2120	885
2121	1228
2122	990
2123	829
2124	504
2125	1201
2126	847
2127	838
2128	591
2129	542
2130	755
2131	773
2132	452
2133	1135
2134	576
2135	1035
2136	977
2137	997
2138	705
2139	828
2140	1258
2141	782
2142	497
2143	1032
2144	500
2145	975
2146	744
2147	866
2148	1248
2149	492
2150	622
2151	748
2152	836
2153	1070
2154	1694
2155	797
2156	667
2157	1091
2158	769
2159	672
2160	643
2161	944
2162	693
2163	1756
2164	588
2165	679
2166	472
2167	1444
2168	1065
2169	825
2170	974
2171	1390
2172	637
2173	763
2174	933
2175	1142
2176	510
2177	1015
2178	980
2179	436
2180	527
2181	484
2182	846
2183	600
2184	1587
2185	533
2186	806
2187	1208
2188	492
2189	601
2190	844
2191	455
2192	852
2193	621
2194	1062
2195	916
2196	1159
2197	1104
2198	1256
2199	912
2200	732
2201	844
2202	1102
2203	665
2204	880
2205	702
2206	813
2207	1146
2208	1052
2209	934
2210	1351
2211	700
2212	998
2213	985
2214	1151
2215	1011
2216	1213
2217	1076
2218	1158
2219	664
2220	1144
2221	1224
2222	943
2223	528
2224	617
2225	637
2226	921
2227	974
2228	705
2229	1087
2230	660
2231	867
2232	591
2233	603
2234	763
2235	800
2236	808
2237	1034
2238	793
2239	380
2240	912
2241	931
2242	771
2243	994
2244	1112
2245	911
2246	832
2247	569
2248	488
2249	545
2250	1042
2251	835
2252	644
2253	649
2254	740
2255	767
2256	835
2257	618
2258	479
2259	840
2260	845
2261	1089
2262	872
2263	705
2264	928
2265	484
2266	664
2267	856
2268	1403
2269	452
2270	568
2271	683
2272	891
2273	679
2274	789
2275	820
2276	974
2277	735
2278	692
2279	910
2280	722
2281	602
2282	1179
2283	448
2284	535
2285	1032
2286	502
2287	693
2288	1152
2289	731
2290	720
2291	1025
2292	808
2293	788
2294	724
2295	672
2296	875
2297	600
2298	560
2299	749
2300	528
2301	818
2302	616
2303	584
2304	715
2305	709
2306	1218
2307	1008
2308	1034
2309	815
2310	867
2311	1167
2312	770
2313	1252
2314	1057
2315	935
2316	631
2317	1169
2318	593
2319	1189
2320	795
2321	589
2322	630
2323	962
2324	1058
2325	562
2326	675
2327	1582
2328	723
2329	496
2330	618
2331	497
2332	730
2333	653
2334	802
2335	919
2336	834
2337	1147
2338	1250
2339	549
2340	743
2341	568
2342	774
2343	709
2344	824
2345	992
2346	605
2347	803
2348	789
2349	751
2350	493
2351	615
2352	609
2353	1145
2354	619
2355	848
2356	831
2357	995
2358	1011
2359	655
2360	1302
2361	562
2362	963
2363	1061
2364	772
2365	1367
2366	646
2367	833
2368	809
2369	774
2370	651
2371	793
2372	1283
2373	770
2374	1369
2375	639
2376	646
2377	806
2378	505
2379	626
2380	341
2381	735
2382	1292
2383	705
2384	645
2385	676
2386	814
2387	758
2388	906
2389	799
2390	690
2391	382
2392	1034
2393	604
2394	1254
2395	1016
2396	1151
2397	916
2398	392
2399	746
2400	887
2401	1557
2402	805
2403	932
2404	442
2405	569
2406	839
2407	642
2408	404
2409	909
2410	454
2411	830
2412	1034
2413	964
2414	454
2415	698
2416	802
2417	797
2418	657
2419	722
2420	852
2421	771
2422	1532
2423	1205
2424	805
2425	845
2426	669
2427	1133
2428	835
2429	915
2430	1096
2431	771
2432	553
2433	649
2434	725
2435	682
2436	662
2437	700
2438	463
2439	531
2440	1354
2441	647
2442	530
2443	875
2444	705
2445	1020
2446	650
2447	955
2448	780
2449	848
2450	595
2451	1178
2452	1080
2453	445
2454	830
2455	863
2456	577
2457	999
2458	685
2459	503
2460	1039
2461	673
2462	774
2463	686
2464	701
2465	634
2466	732
2467	607
2468	443
2469	811
2470	882
2471	970
2472	334
2473	621
2474	1021
2475	634
2476	871
2477	829
2478	740
2479	878
2480	567
2481	490
2482	726
2483	840
2484	1098
2485	1309
2486	568
2487	1097
2488	1158
2489	821
2490	642
2491	869
2492	911
2493	591
2494	557
2495	767
2496	415
2497	796
2498	911
2499	714
2500	807
2501	872
2502	1025
2503	538
2504	758
2505	1013
2506	805
2507	553
2508	535
2509	834
2510	857
2511	729
2512	729
2513	504
2514	1383
2515	832
2516	833
2517	959
2518	511
2519	1068
2520	416
2521	509
2522	773
2523	853
2524	505
2525	433
2526	413
2527	952
2528	610
2529	1014
2530	996
2531	1353
2532	910
2533	701
2534	837
2535	716
2536	847
2537	849
2538	1421
2539	654
2540	684
2541	1083
2542	902
2543	481
2544	661
2545	804
2546	802
2547	400
2548	891
2549	749
2550	1826
2551	660
2552	1091
2553	1063
2554	805
2555	654
2556	1123
2557	711
2558	566
2559	869
2560	890
2561	680
2562	548
2563	662
2564	881
2565	1094
2566	684
2567	661
2568	917
2569	701
2570	987
2571	741
2572	532
2573	1481
2574	1311
2575	641
2576	727
2577	534
2578	802
2579	681
2580	761
2581	765
2582	617
2583	669
2584	876
2585	583
2586	474
2587	697
2588	681
2589	886
2590	657
2591	396
2592	1119
2593	1273
2594	412
2595	1003
2596	501
2597	540
2598	850
2599	820
2600	689
2601	729
2602	1089
2603	804
2604	773
2605	1333
2606	1360
2607	1054
2608	812
2609	851
2610	1039
2611	1179
2612	1136
2613	674
2614	755
2615	921
2616	1190
2617	628
2618	774
2619	654
2620	933
2621	655
2622	1098
2623	671
2624	875
2625	982
2626	713
2627	664
2628	632
2629	1392
2630	531
2631	1216
2632	596
2633	693
2634	642
2635	413
2636	525
2637	1233
2638	637
2639	764
2640	873
2641	780
2642	954
2643	646
2644	793
2645	541
2646	600
2647	992
2648	527
2649	548
2650	816
2651	855
2652	834
2653	673
2654	721
2655	941
2656	587
2657	1223
2658	1234
2659	1505
2660	802
2661	943
2662	708
2663	916
2664	820
2665	1138
2666	569
2667	679
2668	783
2669	1330
2670	741
2671	771
2672	1017
2673	1180
2674	675
2675	498
2676	916
2677	899
2678	765
2679	560
2680	653
2681	696
2682	640
2683	1233
2684	750
2685	611
2686	572
2687	403
2688	826
2689	928
2690	661
2691	674
2692	758
2693	726
2694	766
2695	343
2696	1125
2697	746
2698	947
2699	640
2700	531
2701	800
2702	745
2703	715
2704	680
2705	625
2706	1274
2707	726
2708	926
2709	817
2710	900
2711	744
2712	699
2713	948
2714	868
2715	715
2716	831
2717	580
2718	775
2719	678
2720	616
2721	617
2722	852
2723	1309
2724	673
2725	566
2726	996
2727	926
2728	415
2729	873
2730	612
2731	799
2732	562
2733	537
2734	512
2735	777
2736	702
2737	650
2738	667
2739	694
2740	892
2741	663
2742	632
2743	900
2744	570
2745	807
2746	672
2747	674
2748	1042
2749	937
2750	511
2751	1142
2752	743
2753	553
2754	655
2755	837
2756	679
2757	834
2758	1036
2759	581
2760	905
2761	681
2762	802
2763	658
2764	649
2765	517
2766	712
2767	416
2768	649
2769	802
2770	752
2771	704
2772	540
2773	689
2774	979
2775	774
2776	571
2777	486
2778	1029
2779	995
2780	574
2781	1048
2782	1144
2783	927
2784	676
2785	604
2786	615
2787	554
2788	703
2789	822
2790	722
2791	690
2792	1042
2793	853
2794	1013
2795	1003
2796	558
2797	680
2798	946
2799	816
2800	555
2801	478
2802	854
2803	1000
2804	518
2805	1012
2806	771
2807	870
2808	528
2809	601
2810	629
2811	609
2812	792
2813	697
2814	1120
2815	1052
2816	465
2817	949
2818	691
2819	932
2820	898
2821	1189
2822	626
2823	1133
2824	1090
2825	852
2826	868
2827	639
2828	834
2829	772
2830	1364
2831	890
2832	644
2833	813
2834	935
2835	464
2836	573
2837	999
2838	783
2839	1004
2840	727
2841	963
2842	604
2843	585
2844	846
2845	656
2846	775
2847	895
2848	1405
2849	418
2850	1068
2851	1038
2852	611
2853	636
2854	1148
2855	426
2856	1188
2857	720
2858	1185
2859	1179
2860	647
2861	1109
2862	821
2863	1388
2864	681
2865	890
2866	921
2867	988
2868	607
2869	755
2870	728
2871	1203
2872	699
2873	732
2874	872
2875	543
2876	912
2877	543
2878	959
2879	544
2880	1183
2881	1041
2882	910
2883	1505
2884	774
2885	531
2886	668
2887	720
2888	778
2889	1040
2890	700
2891	799
2892	921
2893	689
2894	613
2895	465
2896	955
2897	618
2898	835
2899	600
2900	907
2901	526
2902	627
2903	823
2904	575
2905	881
2906	964
2907	1093
2908	583
2909	593
2910	1205
2911	474
2912	562
2913	752
2914	746
2915	824
2916	884
2917	1081
2918	1220
2919	695
2920	762
2921	1245
2922	883
2923	1066
2924	1134
2925	667
2926	744
2927	1425
2928	842
2929	1042
2930	746
2931	650
2932	808
2933	552
2934	648
2935	938
2936	911
2937	1370
2938	766
2939	651
2940	1124
2941	851
2942	923
2943	660
2944	959
2945	610
2946	750
2947	531
2948	1040
2949	474
2950	1298
2951	883
2952	741
2953	581
2954	1612
2955	806
2956	630
2957	675
2958	853
2959	1101
2960	1486
2961	1073
2962	402
2963	787
2964	474
2965	784
2966	594
2967	680
2968	692
2969	607
2970	1083
2971	707
2972	734
2973	918
2974	585
2975	900
2976	875
2977	916
2978	614
2979	653
2980	1289
2981	746
2982	493
2983	759
2984	471
2985	994
2986	958
2987	950
2988	851
2989	667
2990	843
2991	589
2992	801
2993	1842
2994	613
2995	1027
2996	627
2997	1296
2998	667
2999	471
3000	1405
3001	452
3002	864
3003	1186
3004	931
3005	575
3006	830
3007	574
3008	1345
3009	920
3010	790
3011	686
3012	1352
3013	442
3014	682
3015	1185
3016	613
3017	1572
3018	463
3019	808
3020	826
3021	879
3022	410
3023	826
3024	829
3025	1056
3026	773
3027	961
3028	595
3029	944
3030	1191
3031	1009
3032	966
3033	689
3034	660
3035	860
3036	825
3037	978
3038	791
3039	544
3040	1026
3041	1246
3042	722
3043	724
3044	1023
3045	656
3046	1142
3047	746
3048	1129
3049	719
3050	1016
3051	892
3052	1011
3053	724
3054	856
3055	832
3056	884
3057	797
3058	581
3059	942
3060	861
3061	800
3062	1176
3063	875
3064	854
3065	959
3066	985
3067	975
3068	937
3069	861
3070	736
3071	1079
3072	972
3073	722
3074	909
3075	616
3076	986
3077	742
3078	806
3079	996
3080	1122
3081	694
3082	550
3083	775
3084	954
3085	1045
3086	633
3087	872
3088	706
3089	1931
3090	412
3091	725
3092	1017
3093	650
3094	721
3095	511
3096	591
3097	521
3098	821
3099	819
3100	744
3101	908
3102	1516
3103	516
3104	778
3105	976
3106	612
3107	615
3108	660
3109	856
3110	1249
3111	1175
3112	663
3113	1037
3114	1209
3115	784
3116	1058
3117	879
3118	1267
3119	1092
3120	496
3121	952
3122	829
3123	617
3124	1240
3125	738
3126	824
3127	987
3128	882
3129	718
3130	598
3131	1315
3132	966
3133	1287
3134	774
3135	871
3136	948
3137	621
3138	757
3139	1090
3140	578
3141	889
3142	576
3143	833
3144	943
3145	1088
3146	817
3147	777
3148	903
3149	807
3150	1154
3151	578
3152	833
3153	514
3154	942
3155	733
3156	1074
3157	591
3158	521
3159	740
3160	628
3161	591
3162	528
3163	914
3164	945
3165	850
3166	609
3167	736
3168	1047
3169	1046
3170	783
3171	941
3172	1271
3173	517
3174	960
3175	681
3176	827
3177	906
3178	856
3179	503
3180	779
3181	540
3182	773
3183	574
3184	753
3185	848
3186	990
3187	688
3188	469
3189	677
3190	629
3191	697
3192	1262
3193	583
3194	453
3195	1430
3196	718
3197	892
3198	1289
3199	813
3200	1198
3201	1007
3202	851
3203	681
3204	913
3205	483
3206	571
3207	708
3208	645
3209	911
3210	675
3211	435
3212	901
3213	746
3214	685
3215	1112
3216	598
3217	1063
3218	883
3219	832
3220	757
3221	646
3222	755
3223	637
3224	616
3225	470
3226	700
3227	1237
3228	618
3229	851
3230	658
3231	621
3232	1051
3233	794
3234	463
3235	831
3236	579
3237	749
3238	685
3239	829
3240	913
3241	355
3242	1040
3243	921
3244	648
3245	499
3246	820
3247	841
3248	827
3249	593
3250	979
3251	550
3252	590
3253	1198
3254	628
3255	898
3256	758
3257	588
3258	1064
3259	1150
3260	741
3261	820
3262	653
3263	1001
3264	653
3265	1012
3266	636
3267	757
3268	1264
3269	930
3270	702
3271	711
3272	645
3273	656
3274	560
3275	495
3276	748
3277	469
3278	748
3279	650
3280	1155
3281	810
3282	1042
3283	767
3284	1080
3285	506
3286	842
3287	880
3288	502
3289	661
3290	810
3291	1138
3292	428
3293	708
3294	824
3295	827
3296	762
3297	571
3298	549
3299	1302
3300	680
3301	635
3302	1364
3303	455
3304	521
3305	899
3306	733
3307	1187
3308	1313
3309	897
3310	1153
3311	1349
3312	831
3313	1031
3314	517
3315	745
3316	746
3317	958
3318	789
3319	682
3320	712
3321	1061
3322	517
3323	934
3324	831
3325	678
3326	711
3327	617
3328	888
3329	1017
3330	803
3331	303
3332	890
3333	976
3334	861
3335	1128
3336	714
3337	895
3338	1152
3339	811
3340	401
3341	621
3342	633
3343	775
3344	867
3345	1442
3346	680
3347	615
3348	945
3349	908
3350	788
3351	1099
3352	803
3353	1395
3354	764
3355	773
3356	735
3357	688
3358	905
3359	477
3360	484
3361	829
3362	850
3363	858
3364	505
3365	712
3366	676
3367	736
3368	845
3369	948
3370	602
3371	607
3372	1481
3373	758
3374	533
3375	828
3376	595
3377	704
3378	987
3379	729
3380	1008
3381	553
3382	536
3383	806
3384	716
3385	821
3386	577
3387	383
3388	752
3389	530
3390	1051
3391	793
3392	964
3393	1085
3394	685
3395	811
3396	526
3397	533
3398	1032
3399	691
3400	694
3401	760
3402	866
3403	815
3404	1103
3405	945
3406	596
3407	729
3408	990
3409	622
3410	535
3411	674
3412	502
3413	641
3414	464
3415	442
3416	776
3417	705
3418	581
3419	608
3420	886
3421	797
3422	655
3423	671
3424	773
3425	1119
3426	619
3427	615
3428	823
3429	793
3430	517
3431	583
3432	826
3433	1221
3434	898
3435	567
3436	455
3437	918
3438	958
3439	747
3440	715
3441	1644
3442	689
3443	437
3444	939
3445	651
3446	497
3447	1169
3448	912
3449	654
3450	716
3451	759
3452	1204
3453	857
3454	1206
3455	628
3456	808
3457	1516
3458	977
3459	704
3460	578
3461	685
3462	624
3463	939
3464	798
3465	864
3466	892
3467	672
3468	1222
3469	936
3470	1404
3471	1191
3472	629
3473	1217
3474	928
3475	743
3476	581
3477	869
3478	491
3479	1018
3480	827
3481	532
3482	1038
3483	639
3484	411
3485	657
3486	987
3487	884
3488	1123
3489	501
3490	596
3491	1057
3492	785
3493	715
3494	1166
3495	546
3496	880
3497	1024
3498	791
3499	612
3500	641
3501	690
3502	551
3503	923
3504	1086
3505	826
3506	785
3507	643
3508	637
3509	614
3510	883
3511	623
3512	744
3513	838
3514	793
3515	1036
3516	1000
3517	549
3518	746
3519	779
3520	680
3521	414
3522	758
3523	898
3524	741
3525	945
3526	826
3527	960
3528	675
3529	753
3530	972
3531	1137
3532	807
3533	426
3534	1122
3535	773
3536	922
3537	545
3538	991
3539	812
3540	809
3541	680
3542	758
3543	855
3544	557
3545	780
3546	810
3547	864
3548	603
3549	1333
3550	977
3551	666
3552	629
3553	1271
3554	931
3555	724
3556	595
3557	939
3558	477
3559	740
3560	507
3561	660
3562	892
3563	614
3564	868
3565	654
3566	486
3567	483
3568	1270
3569	971
3570	656
3571	829
3572	700
3573	1260
3574	564
3575	600
3576	1016
3577	824
3578	819
3579	810
3580	870
3581	695
3582	577
3583	875
3584	1039
3585	427
3586	1236
3587	961
3588	925
3589	798
3590	1156
3591	620
3592	784
3593	618
3594	850
3595	773
3596	543
3597	858
3598	630
3599	1108
3600	484
3601	1156
3602	780
3603	635
3604	515
3605	623
3606	579
3607	291
3608	818
3609	782
3610	1101
3611	757
3612	1040
3613	683
3614	1212
3615	948
3616	862
3617	899
3618	502
3619	1005
3620	845
3621	822
3622	887
3623	825
3624	755
3625	720
3626	590
3627	605
3628	1093
3629	463
3630	717
3631	884
3632	1144
3633	937
3634	1098
3635	615
3636	807
3637	912
3638	1151
3639	866
3640	728
3641	813
3642	457
3643	859
3644	470
3645	1358
3646	893
3647	529
3648	1413
3649	934
3650	1029
3651	961
3652	902
3653	687
3654	1320
3655	1040
3656	601
3657	1057
3658	1010
3659	586
3660	928
3661	623
3662	696
3663	961
3664	581
3665	903
3666	886
3667	694
3668	728
3669	729
3670	625
3671	1359
3672	790
3673	747
3674	492
3675	698
3676	814
3677	723
3678	860
3679	632
3680	561
3681	605
3682	828
3683	964
3684	961
3685	1133
3686	966
3687	668
3688	1115
3689	992
3690	642
3691	830
3692	747
3693	779
3694	1051
3695	573
3696	804
3697	1099
3698	737
3699	558
3700	644
3701	1100
3702	874
3703	646
3704	996
3705	705
3706	849
3707	1047
3708	882
3709	847
3710	711
3711	877
3712	769
3713	769
3714	670
3715	1959
3716	1056
3717	633
3718	549
3719	667
3720	976
3721	590
3722	495
3723	845
3724	921
3725	731
3726	1064
3727	1009
3728	950
3729	762
3730	959
3731	735
3732	979
3733	847
3734	706
3735	755
3736	904
3737	904
3738	803
3739	1438
3740	446
3741	903
3742	492
3743	849
3744	1333
3745	854
3746	778
3747	731
3748	617
3749	483
3750	964
3751	1242
3752	1038
3753	419
3754	1002
3755	1045
3756	729
3757	1024
3758	822
3759	769
3760	513
3761	745
3762	679
3763	909
3764	1314
3765	1030
3766	669
3767	750
3768	738
3769	726
3770	719
3771	671
3772	754
3773	685
3774	719
3775	1266
3776	460
3777	1092
3778	1183
3779	1488
3780	575
3781	1501
3782	866
3783	1004
3784	597
3785	491
3786	882
3787	653
3788	1104
3789	453
3790	830
3791	678
3792	926
3793	1246
3794	979
3795	836
3796	718
3797	923
3798	778
3799	759
3800	547
3801	797
3802	601
3803	850
3804	772
3805	1626
3806	589
3807	762
3808	695
3809	1127
3810	853
3811	914
3812	774
3813	597
3814	666
3815	1397
3816	697
3817	907
3818	584
3819	710
3820	897
3821	1101
3822	808
3823	659
3824	688
3825	691
3826	710
3827	561
3828	526
3829	853
3830	741
3831	855
3832	475
3833	827
3834	494
3835	905
3836	962
3837	1019
3838	1024
3839	742
3840	502
3841	895
3842	765
3843	1147
3844	1136
3845	751
3846	496
3847	689
3848	496
3849	478
3850	381
3851	785
3852	956
3853	943
3854	654
3855	531
3856	963
3857	867
3858	559
3859	999
3860	947
3861	1009
3862	526
3863	833
3864	1028
3865	752
3866	837
3867	635
3868	971
3869	535
3870	889
3871	1426
3872	1080
3873	1011
3874	441
3875	739
3876	526
3877	452
3878	1335
3879	574
3880	572
3881	552
3882	886
3883	492
3884	744
3885	1054
3886	558
3887	792
3888	705
3889	678
3890	576
3891	790
3892	560
3893	1145
3894	889
3895	437
3896	534
3897	509
3898	977
3899	445
3900	916
3901	493
3902	553
3903	1003
3904	1626
3905	1193
3906	834
3907	443
3908	565
3909	656
3910	840
3911	742
3912	630
3913	944
3914	831
3915	497
3916	997
3917	1294
3918	687
3919	600
3920	422
3921	773
3922	729
3923	765
3924	772
3925	790
3926	706
3927	973
3928	887
3929	567
3930	897
3931	818
3932	1082
3933	965
3934	496
3935	539
3936	582
3937	920
3938	887
3939	364
3940	742
3941	603
3942	538
3943	841
3944	735
3945	325
3946	849
3947	1048
3948	888
3949	596
3950	875
3951	1016
3952	479
3953	440
3954	1003
3955	746
3956	801
3957	512
3958	452
3959	709
3960	1097
3961	982
3962	1158
3963	843
3964	596
3965	1098
3966	568
3967	597
3968	979
3969	924
3970	590
3971	755
3972	516
3973	862
3974	1027
3975	629
3976	1091
3977	663
3978	957
3979	1402
3980	813
3981	553
3982	769
3983	1053
3984	675
3985	1030
3986	1072
3987	1386
3988	708
3989	994
3990	647
3991	653
3992	1218
3993	690
3994	685
3995	655
3996	1112
3997	1024
3998	800
3999	1107
4000	620
4001	535
4002	993
4003	801
4004	436
4005	366
4006	739
4007	754
4008	796
4009	978
4010	1027
4011	743
4012	785
4013	721
4014	934
4015	700
4016	1126
4017	763
4018	665
4019	637
4020	559
4021	658
4022	919
4023	748
4024	866
4025	767
4026	556
4027	575
4028	1154
4029	729
4030	851
4031	773
4032	969
4033	780
4034	712
4035	1089
4036	866
4037	752
4038	946
4039	1020
4040	902
4041	872
4042	953
4043	1008
4044	836
4045	1268
4046	1004
4047	956
4048	562
4049	774
4050	1402
4051	722
4052	592
4053	592
4054	857
4055	522
4056	938
4057	539
4058	584
4059	777
4060	784
4061	706
4062	988
4063	653
4064	508
4065	939
4066	826
4067	923
4068	314
4069	849
4070	786
4071	810
4072	584
4073	1032
4074	949
4075	942
4076	627
4077	624
4078	460
4079	405
4080	612
4081	434
4082	1158
4083	598
4084	989
4085	536
4086	715
4087	648
4088	571
4089	916
4090	793
4091	947
4092	837
4093	732
4094	480
4095	967
4096	708
4097	424
4098	825
4099	989
4100	626
4101	595
4102	597
4103	1014
4104	708
4105	914
4106	1061
4107	982
4108	595
4109	985
4110	665
4111	850
4112	833
4113	636
4114	594
4115	699
4116	1135
4117	916
4118	667
4119	812
4120	885
4121	1041
4122	762
4123	589
4124	852
4125	609
4126	640
4127	1001
4128	838
4129	882
4130	798
4131	646
4132	1065
4133	755
4134	713
4135	811
4136	748
4137	549
4138	765
4139	1217
4140	411
4141	669
4142	682
4143	982
4144	606
4145	1283
4146	717
4147	1311
4148	1195
4149	1178
4150	753
4151	615
4152	1155
4153	767
4154	556
4155	1239
4156	707
4157	940
4158	604
4159	734
4160	724
4161	704
4162	612
4163	587
4164	817
4165	744
4166	619
4167	705
4168	759
4169	909
4170	621
4171	867
4172	651
4173	785
4174	1620
4175	704
4176	721
4177	1064
4178	977
4179	508
4180	607
4181	838
4182	465
4183	786
4184	663
4185	801
4186	937
4187	652
4188	968
4189	1069
4190	1195
4191	1012
4192	658
4193	904
4194	605
4195	1016
4196	761
4197	885
4198	768
4199	697
4200	508
4201	722
4202	1044
4203	491
4204	809
4205	647
4206	948
4207	887
4208	732
4209	583
4210	608
4211	445
4212	798
4213	515
4214	720
4215	534
4216	1207
4217	1134
4218	961
4219	487
4220	737
4221	759
4222	883
4223	887
4224	930
4225	815
4226	948
4227	1016
4228	1024
4229	1084
4230	700
4231	672
4232	943
4233	1097
4234	695
4235	738
4236	776
4237	409
4238	729
4239	548
4240	722
4241	957
4242	787
4243	686
4244	650
4245	631
4246	749
4247	712
4248	861
4249	1865
4250	775
4251	502
4252	884
4253	854
4254	492
4255	979
4256	890
4257	499
4258	699
4259	1031
4260	978
4261	861
4262	622
4263	762
4264	979
4265	513
4266	1123
4267	1205
4268	475
4269	1300
4270	840
4271	788
4272	624
4273	590
4274	418
4275	990
4276	703
4277	705
4278	950
4279	692
4280	983
4281	1563
4282	782
4283	1369
4284	695
4285	824
4286	571
4287	1282
4288	841
4289	688
4290	906
4291	1367
4292	530
4293	569
4294	1330
4295	1040
4296	776
4297	598
4298	855
4299	451
4300	478
4301	915
4302	1285
4303	553
4304	595
4305	1266
4306	771
4307	302
4308	460
4309	833
4310	795
4311	703
4312	1176
4313	525
4314	856
4315	852
4316	839
4317	841
4318	684
4319	863
4320	853
4321	872
4322	581
4323	949
4324	912
4325	880
4326	835
4327	717
4328	824
4329	653
4330	555
4331	524
4332	716
4333	824
4334	850
4335	619
4336	973
4337	764
4338	581
4339	749
4340	706
4341	1595
4342	691
4343	619
4344	1002
4345	1245
4346	694
4347	1123
4348	722
4349	1586
4350	513
4351	1062
4352	604
4353	869
4354	1021
4355	804
4356	705
4357	888
4358	533
4359	848
4360	459
4361	871
4362	951
4363	590
4364	761
4365	640
4366	988
4367	571
4368	624
4369	769
4370	957
4371	993
4372	487
4373	539
4374	904
4375	440
4376	782
4377	926
4378	449
4379	707
4380	1012
4381	696
4382	849
4383	671
4384	781
4385	668
4386	1724
4387	640
4388	716
4389	1027
4390	394
4391	421
4392	877
4393	573
4394	863
4395	492
4396	928
4397	1225
4398	855
4399	1299
4400	962
4401	1065
4402	806
4403	599
4404	819
4405	764
4406	704
4407	647
4408	787
4409	409
4410	940
4411	945
4412	641
4413	703
4414	593
4415	890
4416	646
4417	548
4418	678
4419	803
4420	828
4421	676
4422	821
4423	613
4424	537
4425	703
4426	604
4427	1054
4428	436
4429	1067
4430	699
4431	992
4432	655
4433	1232
4434	636
4435	965
4436	1204
4437	1068
4438	762
4439	410
4440	964
4441	683
4442	807
4443	790
4444	841
4445	956
4446	474
4447	744
4448	822
4449	613
4450	760
4451	729
4452	671
4453	571
4454	1758
4455	686
4456	973
4457	735
4458	673
4459	1220
4460	651
4461	656
4462	608
4463	761
4464	810
4465	661
4466	1701
4467	1099
4468	590
4469	717
4470	653
4471	1204
4472	560
4473	895
4474	672
4475	1255
4476	570
4477	504
4478	810
4479	527
4480	1495
4481	638
4482	585
4483	798
4484	653
4485	876
4486	711
4487	739
4488	665
4489	743
4490	923
4491	715
4492	1072
4493	1014
4494	1043
4495	746
4496	560
4497	593
4498	1211
4499	974
4500	1124
4501	1055
4502	954
4503	580
4504	441
4505	594
4506	894
4507	1098
4508	1089
4509	462
4510	938
4511	958
4512	786
4513	793
4514	597
4515	606
4516	1179
4517	845
4518	675
4519	1238
4520	964
4521	937
4522	648
4523	1069
4524	893
4525	773
4526	1009
4527	955
4528	731
4529	535
4530	796
4531	897
4532	462
4533	786
4534	938
4535	523
4536	1086
4537	818
4538	607
4539	792
4540	1699
4541	652
4542	732
4543	454
4544	882
4545	1082
4546	483
4547	715
4548	659
4549	995
4550	601
4551	692
4552	618
4553	367
4554	1060
4555	1216
4556	742
4557	582
4558	886
4559	1156
4560	755
4561	658
4562	664
4563	876
4564	1520
4565	797
4566	721
4567	547
4568	834
4569	520
4570	692
4571	673
4572	1114
4573	719
4574	879
4575	821
4576	853
4577	653
4578	688
4579	489
4580	1122
4581	692
4582	1048
4583	493
4584	1185
4585	669
4586	738
4587	715
4588	384
4589	331
4590	425
4591	803
4592	889
4593	485
4594	840
4595	899
4596	779
4597	1003
4598	903
4599	713
4600	619
4601	1477
4602	1029
4603	743
4604	613
4605	589
4606	577
4607	761
4608	664
4609	586
4610	684
4611	909
4612	594
4613	976
4614	743
4615	691
4616	1058
4617	1129
4618	517
4619	442
4620	470
4621	1343
4622	659
4623	1102
4624	849
4625	1223
4626	746
4627	828
4628	861
4629	828
4630	852
4631	822
4632	980
4633	799
4634	934
4635	800
4636	807
4637	793
4638	579
4639	968
4640	987
4641	909
4642	1028
4643	767
4644	405
4645	1357
4646	483
4647	473
4648	692
4649	932
4650	816
4651	917
4652	815
4653	633
4654	849
4655	1006
4656	1060
4657	423
4658	1143
4659	433
4660	645
4661	510
4662	1072
4663	863
4664	683
4665	860
4666	719
4667	865
4668	1014
4669	1071
4670	770
4671	1173
4672	977
4673	879
4674	854
4675	809
4676	964
4677	770
4678	786
4679	1223
4680	737
4681	1032
4682	783
4683	570
4684	1222
4685	851
4686	996
4687	774
4688	961
4689	424
4690	1294
4691	833
4692	806
4693	1025
4694	1169
4695	543
4696	916
4697	1013
4698	908
4699	859
4700	815
4701	1267
4702	837
4703	782
4704	757
4705	477
4706	728
4707	571
4708	552
4709	532
4710	586
4711	932
4712	1261
4713	731
4714	696
4715	679
4716	681
4717	954
4718	782
4719	770
4720	999
4721	647
4722	971
4723	1100
4724	2290
4725	641
4726	458
4727	697
4728	725
4729	933
4730	726
4731	561
4732	392
4733	499
4734	1080
4735	867
4736	752
4737	663
4738	760
4739	853
4740	1105
4741	649
4742	854
4743	907
4744	486
4745	790
4746	583
4747	408
4748	968
4749	763
4750	482
4751	510
4752	692
4753	1074
4754	1128
4755	764
4756	363
4757	594
4758	1067
4759	574
4760	754
4761	596
4762	664
4763	847
4764	484
4765	1146
4766	1096
4767	1041
4768	405
4769	738
4770	636
4771	1166
4772	903
4773	618
4774	1300
4775	523
4776	1408
4777	540
4778	707
4779	592
4780	880
4781	905
4782	1279
4783	481
4784	764
4785	959
4786	538
4787	1111
4788	1249
4789	1368
4790	903
4791	821
4792	322
4793	413
4794	1252
4795	1444
4796	894
4797	897
4798	620
4799	1284
4800	985
4801	986
4802	824
4803	877
4804	710
4805	662
4806	784
4807	632
4808	653
4809	891
4810	822
4811	816
4812	1089
4813	722
4814	739
4815	956
4816	835
4817	672
4818	1135
4819	1130
4820	960
4821	584
4822	758
4823	800
4824	1407
4825	730
4826	720
4827	660
4828	729
4829	912
4830	677
4831	795
4832	740
4833	1307
4834	1036
4835	643
4836	1426
4837	1159
4838	744
4839	1005
4840	1227
4841	731
4842	984
4843	742
4844	985
4845	984
4846	936
4847	732
4848	1074
4849	978
4850	1209
4851	1173
4852	638
4853	981
4854	642
4855	687
4856	683
4857	773
4858	780
4859	1212
4860	641
4861	912
4862	1310
4863	1131
4864	453
4865	792
4866	1065
4867	1242
4868	1132
4869	659
4870	782
4871	706
4872	895
4873	682
4874	1247
4875	765
4876	543
4877	1187
4878	1091
4879	599
4880	625
4881	840
4882	907
4883	702
4884	995
4885	937
4886	630
4887	811
4888	837
4889	360
4890	817
4891	652
4892	804
4893	879
4894	1080
4895	539
4896	858
4897	858
4898	689
4899	672
4900	986
4901	691
4902	905
4903	654
4904	1375
4905	864
4906	969
4907	628
4908	731
4909	601
4910	719
4911	1173
4912	831
4913	1006
4914	681
4915	1432
4916	829
4917	591
4918	1374
4919	577
4920	938
4921	903
4922	1001
4923	695
4924	792
4925	866
4926	412
4927	1071
4928	863
4929	1192
4930	748
4931	756
4932	1035
4933	1308
4934	766
4935	1062
4936	965
4937	706
4938	697
4939	654
4940	923
4941	745
4942	532
4943	573
4944	619
4945	526
4946	636
4947	739
4948	555
4949	475
4950	1349
4951	791
4952	723
4953	818
4954	975
4955	574
4956	672
4957	814
4958	601
4959	1560
4960	898
4961	720
4962	582
4963	681
4964	766
4965	372
4966	720
4967	546
4968	819
4969	656
4970	1163
4971	1099
4972	1117
4973	775
4974	536
4975	1145
4976	1081
4977	1259
4978	784
4979	477
4980	802
4981	1112
4982	689
4983	655
4984	880
4985	1416
4986	1333
4987	993
4988	882
4989	829
4990	925
4991	936
4992	692
4993	629
4994	1049
4995	1561
4996	761
4997	1046
4998	520
4999	928
5000	631
5001	828
5002	486
5003	809
5004	585
5005	753
5006	910
5007	622
5008	786
5009	918
5010	609
5011	836
5012	865
5013	1029
5014	618
5015	688
5016	1009
5017	681
5018	909
5019	1138
5020	571
5021	681
5022	909
5023	901
5024	1004
5025	1123
5026	750
5027	806
5028	731
5029	663
5030	776
5031	799
5032	632
5033	474
5034	723
5035	723
5036	1014
5037	712
5038	773
5039	1697
5040	1288
5041	547
5042	515
5043	872
5044	1142
5045	1301
5046	692
5047	808
5048	804
5049	970
5050	879
5051	866
5052	1338
5053	417
5054	702
5055	980
5056	679
5057	743
5058	552
5059	1117
5060	1048
5061	566
5062	925
5063	691
5064	1102
5065	573
5066	724
5067	609
5068	524
5069	665
5070	918
5071	1022
5072	961
5073	652
5074	586
5075	597
5076	457
5077	512
5078	496
5079	1076
5080	963
5081	733
5082	590
5083	625
5084	880
5085	1142
5086	1188
5087	715
5088	615
5089	1839
5090	1076
5091	989
5092	936
5093	883
5094	1051
5095	1030
5096	721
5097	646
5098	1285
5099	726
5100	1069
5101	889
5102	900
5103	683
5104	784
5105	890
5106	883
5107	828
5108	1290
5109	1223
5110	1534
5111	590
5112	753
5113	738
5114	801
5115	950
5116	555
5117	730
5118	876
5119	637
5120	1513
5121	580
5122	876
5123	742
5124	811
5125	556
5126	1020
5127	738
5128	948
5129	613
5130	627
5131	785
5132	766
5133	667
5134	684
5135	904
5136	785
5137	797
5138	418
5139	555
5140	717
5141	1315
5142	846
5143	1059
5144	949
5145	682
5146	908
5147	713
5148	681
5149	627
5150	911
5151	729
5152	725
5153	601
5154	850
5155	675
5156	603
5157	957
5158	722
5159	835
5160	727
5161	893
5162	1141
5163	996
5164	945
5165	841
5166	550
5167	860
5168	815
5169	833
5170	713
5171	683
5172	690
5173	719
5174	814
5175	400
5176	793
5177	958
5178	525
5179	845
5180	581
5181	798
5182	1128
5183	985
5184	983
5185	997
5186	1152
5187	834
5188	730
5189	688
5190	995
5191	576
5192	590
5193	663
5194	569
5195	678
5196	825
5197	448
5198	888
5199	689
5200	784
5201	743
5202	869
5203	483
5204	832
5205	896
5206	572
5207	784
5208	769
5209	1148
5210	650
5211	655
5212	1365
5213	795
5214	732
5215	1113
5216	763
5217	896
5218	774
5219	916
5220	476
5221	822
5222	762
5223	1517
5224	1085
5225	776
5226	1045
5227	1019
5228	966
5229	833
5230	1172
5231	636
5232	779
5233	644
5234	781
5235	504
5236	727
5237	1103
5238	683
5239	927
5240	1351
5241	1295
5242	828
5243	1024
5244	795
5245	508
5246	678
5247	806
5248	788
5249	653
5250	521
5251	676
5252	1054
5253	1216
5254	453
5255	732
5256	684
5257	712
5258	880
5259	506
5260	954
5261	386
5262	973
5263	1062
5264	880
5265	871
5266	624
5267	1553
5268	875
5269	987
5270	822
5271	519
5272	824
5273	1107
5274	910
5275	860
5276	653
5277	945
5278	848
5279	912
5280	824
5281	1314
5282	717
5283	612
5284	910
5285	1007
5286	941
5287	561
5288	588
5289	554
5290	643
5291	903
5292	571
5293	551
5294	836
5295	840
5296	605
5297	337
5298	1034
5299	504
5300	1230
5301	926
5302	548
5303	994
5304	540
5305	749
5306	888
5307	742
5308	887
5309	817
5310	604
5311	1020
5312	602
5313	490
5314	787
5315	1245
5316	479
5317	870
5318	723
5319	708
5320	695
5321	635
5322	891
5323	648
5324	992
5325	709
5326	1197
5327	1108
5328	1146
5329	648
5330	1048
5331	924
5332	641
5333	653
5334	925
5335	616
5336	1003
5337	618
5338	1044
5339	871
5340	856
5341	519
5342	527
5343	704
5344	1039
5345	578
5346	675
5347	817
5348	685
5349	806
5350	726
5351	653
5352	527
5353	471
5354	615
5355	563
5356	549
5357	532
5358	786
5359	978
5360	647
5361	664
5362	362
5363	563
5364	498
5365	875
5366	626
5367	814
5368	859
5369	822
5370	688
5371	882
5372	934
5373	976
5374	594
5375	1191
5376	1112
5377	919
5378	923
5379	704
5380	1107
5381	1004
5382	1063
5383	1354
5384	713
5385	1253
5386	862
5387	874
5388	998
5389	1203
5390	862
5391	810
5392	660
5393	761
5394	587
5395	1126
5396	774
5397	546
5398	775
5399	477
5400	750
5401	858
5402	511
5403	868
5404	644
5405	490
5406	897
5407	437
5408	731
5409	825
5410	875
5411	436
5412	528
5413	810
5414	1048
5415	786
5416	969
5417	900
5418	654
5419	556
5420	715
5421	1322
5422	584
5423	508
5424	1071
5425	616
5426	948
5427	1765
5428	1142
5429	840
5430	695
5431	876
5432	648
5433	784
5434	520
5435	759
5436	837
5437	1254
5438	574
5439	454
5440	633
5441	779
5442	522
5443	1042
5444	874
5445	885
5446	642
5447	935
5448	1327
5449	577
5450	498
5451	535
5452	785
5453	911
5454	843
5455	1129
5456	809
5457	1189
5458	1290
5459	671
5460	1025
5461	900
5462	854
5463	683
5464	684
5465	821
5466	983
5467	902
5468	664
5469	694
5470	875
5471	685
5472	515
5473	504
5474	590
5475	656
5476	549
5477	824
5478	414
5479	640
5480	776
5481	602
5482	646
5483	1573
5484	1146
5485	522
5486	539
5487	501
5488	1180
5489	887
5490	841
5491	983
5492	741
5493	1257
5494	806
5495	794
5496	460
5497	750
5498	751
5499	701
5500	1378
5501	665
5502	869
5503	518
5504	955
5505	758
5506	645
5507	1147
5508	706
5509	925
5510	723
5511	803
5512	849
5513	269
5514	930
5515	724
5516	1115
5517	797
5518	570
5519	758
5520	603
5521	531
5522	559
5523	1382
5524	1073
5525	397
5526	1157
5527	682
5528	994
5529	921
5530	980
5531	686
5532	432
5533	811
5534	705
5535	561
5536	1261
5537	921
5538	658
5539	743
5540	595
5541	1228
5542	1412
5543	924
5544	1053
5545	729
5546	515
5547	959
5548	425
5549	763
5550	512
5551	640
5552	829
5553	1271
5554	791
5555	1000
5556	726
5557	766
5558	649
5559	1055
5560	602
5561	643
5562	597
5563	822
5564	967
5565	457
5566	615
5567	1129
5568	1397
5569	828
5570	783
5571	1221
5572	848
5573	511
5574	681
5575	758
5576	1296
5577	733
5578	639
5579	816
5580	711
5581	764
5582	1320
5583	1121
5584	953
5585	749
5586	588
5587	1305
5588	652
5589	840
5590	1086
5591	1121
5592	936
5593	1258
5594	472
5595	502
5596	666
5597	967
5598	762
5599	879
5600	649
5601	1137
5602	550
5603	814
5604	579
5605	704
5606	540
5607	1022
5608	800
5609	1611
5610	1157
5611	1132
5612	1050
5613	793
5614	650
5615	715
5616	887
5617	545
5618	852
5619	591
5620	699
5621	610
5622	1302
5623	1219
5624	467
5625	868
5626	686
5627	423
5628	813
5629	424
5630	1023
5631	664
5632	1134
5633	1035
5634	525
5635	680
5636	714
5637	758
5638	975
5639	654
5640	749
5641	973
5642	1005
5643	697
5644	587
5645	698
5646	716
5647	647
5648	803
5649	382
5650	1294
5651	696
5652	716
5653	698
5654	779
5655	641
5656	933
5657	806
5658	791
5659	894
5660	636
5661	427
5662	1024
5663	930
5664	496
5665	487
5666	911
5667	623
5668	757
5669	859
5670	580
5671	572
5672	469
5673	624
5674	840
5675	891
5676	943
5677	972
5678	1198
5679	728
5680	434
5681	1087
5682	746
5683	1189
5684	782
5685	664
5686	1776
5687	797
5688	826
5689	913
5690	512
5691	740
5692	981
5693	1098
5694	1424
5695	894
5696	1043
5697	1025
5698	1012
5699	707
5700	722
5701	437
5702	721
5703	871
5704	964
5705	437
5706	1054
5707	800
5708	406
5709	1009
5710	703
5711	736
5712	1695
5713	855
5714	481
5715	553
5716	758
5717	1396
5718	952
5719	854
5720	1150
5721	764
5722	704
5723	894
5724	456
5725	750
5726	418
5727	353
5728	614
5729	789
5730	695
5731	795
5732	691
5733	570
5734	632
5735	481
5736	773
5737	756
5738	835
5739	970
5740	936
5741	391
5742	1204
5743	576
5744	956
5745	670
5746	617
5747	978
5748	708
5749	1485
5750	582
5751	639
5752	859
5753	947
5754	1611
5755	917
5756	1113
5757	895
5758	585
5759	608
5760	523
5761	651
5762	1397
5763	1050
5764	621
5765	539
5766	1338
5767	681
5768	938
5769	1002
5770	703
5771	1062
5772	637
5773	630
5774	1091
5775	885
5776	865
5777	1267
5778	1154
5779	538
5780	502
5781	776
5782	794
5783	830
5784	1426
5785	649
5786	662
5787	376
5788	629
5789	673
5790	763
5791	965
5792	558
5793	769
5794	1101
5795	420
5796	849
5797	930
5798	636
5799	873
5800	777
5801	628
5802	637
5803	1007
5804	593
5805	980
5806	815
5807	393
5808	943
5809	1470
5810	871
5811	1029
5812	792
5813	689
5814	656
5815	974
5816	788
5817	606
5818	1120
5819	878
5820	489
5821	694
5822	972
5823	904
5824	827
5825	692
5826	1092
5827	653
5828	654
5829	863
5830	707
5831	878
5832	646
5833	811
5834	507
5835	932
5836	516
5837	878
5838	1114
5839	726
5840	1377
5841	549
5842	883
5843	615
5844	1111
5845	1035
5846	922
5847	1238
5848	752
5849	515
5850	1238
5851	1108
5852	557
5853	1092
5854	1232
5855	632
5856	872
5857	923
5858	805
5859	725
5860	901
5861	957
5862	1085
5863	1003
5864	680
5865	1283
5866	1009
5867	514
5868	916
5869	554
5870	740
5871	559
5872	454
5873	889
5874	876
5875	564
5876	1004
5877	1169
5878	597
5879	635
5880	1316
5881	602
5882	1027
5883	948
5884	983
5885	451
5886	435
5887	856
5888	888
5889	1072
5890	1175
5891	435
5892	702
5893	1385
5894	1142
5895	975
5896	613
5897	994
5898	1167
5899	815
5900	606
5901	757
5902	744
5903	744
5904	1427
5905	675
5906	448
5907	870
5908	859
5909	655
5910	455
5911	515
5912	629
5913	914
5914	1197
5915	899
5916	650
5917	1679
5918	800
5919	647
5920	908
5921	515
5922	1065
5923	654
5924	1068
5925	721
5926	615
5927	569
5928	683
5929	813
5930	742
5931	688
5932	743
5933	777
5934	906
5935	632
5936	572
5937	359
5938	761
5939	1026
5940	762
5941	636
5942	809
5943	574
5944	461
5945	770
5946	820
5947	477
5948	1371
5949	638
5950	1157
5951	791
5952	462
5953	811
5954	1926
5955	794
5956	600
5957	785
5958	704
5959	539
5960	462
5961	392
5962	922
5963	1013
5964	695
5965	834
5966	875
5967	914
5968	683
5969	635
5970	420
5971	877
5972	813
5973	930
5974	836
5975	701
5976	968
5977	534
5978	753
5979	537
5980	787
5981	920
5982	941
5983	626
5984	665
5985	1801
5986	695
5987	1358
5988	948
5989	698
5990	481
5991	968
5992	750
5993	848
5994	1098
5995	920
5996	1513
5997	794
5998	744
5999	1803
6000	835
6001	1404
6002	785
6003	604
6004	855
6005	940
6006	822
6007	687
6008	776
6009	689
6010	1075
6011	802
6012	922
6013	771
6014	543
6015	1021
6016	809
6017	949
6018	553
6019	624
6020	739
6021	806
6022	1081
6023	767
6024	735
6025	712
6026	845
6027	780
6028	1220
6029	695
6030	491
6031	744
6032	510
6033	997
6034	482
6035	535
6036	709
6037	698
6038	1270
6039	828
6040	674
6041	558
6042	754
6043	738
6044	921
6045	741
6046	575
6047	786
6048	702
6049	681
6050	645
6051	582
6052	535
6053	601
6054	854
6055	1123
6056	703
6057	1299
6058	936
6059	732
6060	749
6061	853
6062	821
6063	501
6064	1045
6065	843
6066	834
6067	494
6068	404
6069	1201
6070	738
6071	386
6072	862
6073	554
6074	945
6075	685
6076	811
6077	644
6078	632
6079	442
6080	848
6081	933
6082	689
6083	869
6084	1026
6085	503
6086	963
6087	496
6088	686
6089	399
6090	637
6091	858
6092	737
6093	827
6094	682
6095	723
6096	442
6097	1006
6098	726
6099	760
6100	434
6101	598
6102	1140
6103	343
6104	1045
6105	587
6106	621
6107	706
6108	872
6109	391
6110	826
6111	516
6112	560
6113	454
6114	869
6115	605
6116	725
6117	979
6118	697
6119	817
6120	675
6121	779
6122	750
6123	864
6124	1097
6125	688
6126	818
6127	916
6128	892
6129	734
6130	1076
6131	493
6132	776
6133	596
6134	999
6135	1354
6136	577
6137	799
6138	665
6139	657
6140	1179
6141	1005
6142	1278
6143	1079
6144	942
6145	948
6146	665
6147	573
6148	993
6149	751
6150	800
6151	924
6152	441
6153	864
6154	695
6155	576
6156	831
6157	1164
6158	466
6159	1016
6160	553
6161	610
6162	768
6163	318
6164	618
6165	589
6166	667
6167	630
6168	627
6169	627
6170	1010
6171	493
6172	756
6173	637
6174	872
6175	657
6176	460
6177	605
6178	421
6179	473
6180	764
6181	1037
6182	987
6183	721
6184	1148
6185	802
6186	490
6187	818
6188	501
6189	863
6190	861
6191	1229
6192	800
6193	587
6194	677
6195	795
6196	523
6197	997
6198	901
6199	853
6200	988
6201	1179
6202	947
6203	660
6204	1216
6205	497
6206	883
6207	1010
6208	648
6209	1189
6210	1230
6211	810
6212	1337
6213	524
6214	636
6215	637
6216	1210
6217	1262
6218	863
6219	753
6220	734
6221	579
6222	830
6223	735
6224	702
6225	1026
6226	448
6227	1343
6228	631
6229	992
6230	816
6231	606
6232	714
6233	512
6234	520
6235	535
6236	994
6237	830
6238	704
6239	537
6240	779
6241	1077
6242	1035
6243	706
6244	990
6245	538
6246	394
6247	729
6248	540
6249	705
6250	586
6251	678
6252	470
6253	688
6254	699
6255	541
6256	1070
6257	523
6258	712
6259	816
6260	822
6261	1021
6262	1130
6263	1423
6264	1133
6265	1073
6266	831
6267	478
6268	732
6269	1249
6270	536
6271	665
6272	1056
6273	929
6274	891
6275	593
6276	871
6277	496
6278	990
6279	554
6280	819
6281	1210
6282	1180
6283	772
6284	1007
6285	894
6286	678
6287	693
6288	976
6289	1336
6290	903
6291	1005
6292	657
6293	912
6294	903
6295	645
6296	718
6297	904
6298	739
6299	807
6300	436
6301	558
6302	448
6303	619
6304	1207
6305	912
6306	502
6307	1049
6308	1443
6309	547
6310	1021
6311	1105
6312	584
6313	974
6314	1064
6315	973
6316	1348
6317	937
6318	469
6319	1009
6320	630
6321	632
6322	945
6323	720
6324	939
6325	818
6326	700
6327	725
6328	1075
6329	745
6330	1754
6331	483
6332	846
6333	670
6334	500
6335	569
6336	674
6337	845
6338	801
6339	1812
6340	714
6341	957
6342	754
6343	560
6344	913
6345	856
6346	1154
6347	427
6348	975
6349	792
6350	733
6351	715
6352	773
6353	893
6354	740
6355	1104
6356	710
6357	1106
6358	746
6359	676
6360	759
6361	463
6362	1176
6363	630
6364	509
6365	666
6366	676
6367	755
6368	493
6369	765
6370	649
6371	820
6372	710
6373	1108
6374	476
6375	367
6376	666
6377	543
6378	728
6379	620
6380	1175
6381	983
6382	1410
6383	477
6384	1009
6385	664
6386	1077
6387	322
6388	1046
6389	1245
6390	646
6391	667
6392	1113
6393	1222
6394	938
6395	956
6396	990
6397	578
6398	842
6399	412
6400	809
6401	828
6402	883
6403	564
6404	1222
6405	505
6406	561
6407	605
6408	718
6409	774
6410	689
6411	1098
6412	550
6413	559
6414	454
6415	694
6416	1000
6417	1761
6418	1017
6419	735
6420	735
6421	801
6422	633
6423	499
6424	657
6425	865
6426	775
6427	973
6428	781
6429	1200
6430	786
6431	980
6432	1058
6433	676
6434	1047
6435	1045
6436	1300
6437	461
6438	1188
6439	666
6440	555
6441	559
6442	1108
6443	929
6444	1095
6445	532
6446	323
6447	653
6448	879
6449	928
6450	515
6451	775
6452	667
6453	606
6454	662
6455	1109
6456	666
6457	787
6458	473
6459	699
6460	769
6461	738
6462	656
6463	1034
6464	1088
6465	535
6466	854
6467	919
6468	855
6469	978
6470	735
6471	1096
6472	959
6473	421
6474	1065
6475	562
6476	675
6477	578
6478	574
6479	646
6480	528
6481	1028
6482	1339
6483	472
6484	767
6485	651
6486	741
6487	1124
6488	754
6489	785
6490	973
6491	863
6492	739
6493	1041
6494	726
6495	1253
6496	664
6497	821
6498	873
6499	831
6500	672
6501	1153
6502	1128
6503	817
6504	592
6505	1236
6506	741
6507	604
6508	994
6509	651
6510	779
6511	357
6512	503
6513	558
6514	953
6515	426
6516	831
6517	908
6518	699
6519	921
6520	663
6521	742
6522	591
6523	816
6524	795
6525	440
6526	829
6527	1026
6528	608
6529	991
6530	634
6531	659
6532	417
6533	910
6534	830
6535	790
6536	454
6537	815
6538	978
6539	883
6540	832
6541	1200
6542	987
6543	807
6544	760
6545	844
6546	657
6547	730
6548	737
6549	797
6550	512
6551	1083
6552	1336
6553	721
6554	1199
6555	474
6556	852
6557	550
6558	1023
6559	724
6560	1597
6561	648
6562	937
6563	646
6564	730
6565	817
6566	1040
6567	641
6568	602
6569	957
6570	640
6571	991
6572	691
6573	401
6574	757
6575	715
6576	792
6577	1026
6578	902
6579	612
6580	974
6581	935
6582	819
6583	1010
6584	669
6585	739
6586	1354
6587	752
6588	491
6589	593
6590	766
6591	865
6592	569
6593	868
6594	714
6595	1213
6596	984
6597	433
6598	782
6599	926
6600	751
6601	1124
6602	778
6603	748
6604	460
6605	499
6606	771
6607	801
6608	457
6609	682
6610	553
6611	513
6612	639
6613	968
6614	518
6615	702
6616	789
6617	852
6618	1103
6619	955
6620	588
6621	617
6622	329
6623	1515
6624	1010
6625	808
6626	878
6627	708
6628	680
6629	645
6630	566
6631	935
6632	488
6633	571
6634	708
6635	985
6636	809
6637	793
6638	496
6639	853
6640	991
6641	1152
6642	859
6643	1039
6644	986
6645	1021
6646	886
6647	1104
6648	1434
6649	1406
6650	581
6651	851
6652	904
6653	731
6654	467
6655	574
6656	570
6657	474
6658	973
6659	844
6660	1036
6661	918
6662	522
6663	666
6664	890
6665	597
6666	1093
6667	930
6668	532
6669	768
6670	988
6671	858
6672	426
6673	968
6674	665
6675	1036
6676	545
6677	1213
6678	858
6679	720
6680	881
6681	995
6682	648
6683	649
6684	864
6685	1078
6686	550
6687	988
6688	1234
6689	689
6690	909
6691	633
6692	605
6693	640
6694	460
6695	731
6696	846
6697	667
6698	685
6699	541
6700	959
6701	863
6702	626
6703	505
6704	965
6705	1489
6706	631
6707	812
6708	894
6709	529
6710	587
6711	1256
6712	596
6713	697
6714	745
6715	703
6716	874
6717	679
6718	678
6719	557
6720	594
6721	1054
6722	790
6723	735
6724	737
6725	478
6726	634
6727	959
6728	660
6729	1318
6730	915
6731	1077
6732	765
6733	705
6734	889
6735	884
6736	803
6737	1097
6738	751
6739	1732
6740	383
6741	376
6742	1117
6743	651
6744	756
6745	776
6746	1010
6747	800
6748	907
6749	643
6750	588
6751	373
6752	895
6753	660
6754	499
6755	614
6756	849
6757	537
6758	679
6759	772
6760	807
6761	672
6762	700
6763	704
6764	544
6765	833
6766	887
6767	831
6768	858
6769	581
6770	1028
6771	533
6772	891
6773	994
6774	1101
6775	1441
6776	416
6777	746
6778	718
6779	865
6780	650
6781	854
6782	830
6783	1036
6784	856
6785	735
6786	511
6787	458
6788	931
6789	920
6790	1113
6791	489
6792	726
6793	746
6794	604
6795	1183
6796	1120
6797	767
6798	1086
6799	459
6800	690
6801	1079
6802	1155
6803	689
6804	785
6805	595
6806	612
6807	673
6808	1003
6809	557
6810	762
6811	661
6812	630
6813	647
6814	2282
6815	754
6816	1048
6817	612
6818	767
6819	1076
6820	1150
6821	705
6822	525
6823	723
6824	1065
6825	1131
6826	1023
6827	610
6828	1080
6829	718
6830	815
6831	769
6832	1102
6833	978
6834	702
6835	799
6836	752
6837	957
6838	1408
6839	652
6840	1109
6841	994
6842	786
6843	890
6844	682
6845	816
6846	627
6847	842
6848	554
6849	491
6850	1065
6851	955
6852	978
6853	812
6854	829
6855	568
6856	840
6857	850
6858	827
6859	803
6860	702
6861	576
6862	1174
6863	887
6864	818
6865	651
6866	823
6867	1105
6868	999
6869	699
6870	1082
6871	614
6872	790
6873	614
6874	785
6875	428
6876	703
6877	964
6878	558
6879	741
6880	621
6881	465
6882	775
6883	518
6884	490
6885	1072
6886	817
6887	914
6888	652
6889	644
6890	776
6891	331
6892	537
6893	636
6894	500
6895	954
6896	622
6897	739
6898	923
6899	1142
6900	724
6901	1203
6902	511
6903	710
6904	889
6905	775
6906	831
6907	1086
6908	952
6909	876
6910	898
6911	1050
6912	516
6913	689
6914	524
6915	817
6916	591
6917	524
6918	718
6919	677
6920	742
6921	527
6922	590
6923	593
6924	1034
6925	1039
6926	960
6927	564
6928	528
6929	721
6930	649
6931	848
6932	634
6933	826
6934	794
6935	504
6936	669
6937	1180
6938	1062
6939	890
6940	849
6941	1160
6942	1789
6943	622
6944	809
6945	1010
6946	514
6947	873
6948	662
6949	1055
6950	669
6951	1230
6952	620
6953	1230
6954	887
6955	950
6956	1109
6957	958
6958	933
6959	856
6960	882
6961	928
6962	809
6963	423
6964	538
6965	864
6966	901
6967	1012
6968	927
6969	1369
6970	522
6971	1285
6972	768
6973	796
6974	1075
6975	1121
6976	660
6977	579
6978	595
6979	1068
6980	878
6981	890
6982	729
6983	1560
6984	810
6985	553
6986	438
6987	720
6988	906
6989	796
6990	690
6991	1169
6992	609
6993	1253
6994	822
6995	1098
6996	1026
6997	800
6998	697
6999	1194
7000	512
7001	932
7002	463
7003	926
7004	580
7005	1290
7006	602
7007	679
7008	875
7009	851
7010	959
7011	820
7012	594
7013	690
7014	568
7015	1313
7016	507
7017	644
7018	1289
7019	648
7020	948
7021	1086
7022	968
7023	957
7024	1241
7025	594
7026	539
7027	550
7028	787
7029	795
7030	525
7031	1168
7032	652
7033	669
7034	1141
7035	596
7036	448
7037	1360
7038	853
7039	557
7040	531
7041	752
7042	728
7043	725
7044	473
7045	782
7046	778
7047	421
7048	820
7049	937
7050	709
7051	1141
7052	521
7053	985
7054	538
7055	1123
7056	559
7057	680
7058	806
7059	826
7060	463
7061	877
7062	715
7063	739
7064	1087
7065	686
7066	1412
7067	1021
7068	527
7069	1241
7070	1105
7071	1015
7072	619
7073	935
7074	755
7075	950
7076	799
7077	1057
7078	530
7079	778
7080	658
7081	822
7082	486
7083	512
7084	998
7085	1159
7086	798
7087	706
7088	580
7089	936
7090	1161
7091	688
7092	937
7093	993
7094	787
7095	870
7096	906
7097	1092
7098	700
7099	420
7100	781
7101	783
7102	1061
7103	456
7104	1111
7105	566
7106	573
7107	866
7108	900
7109	1036
7110	658
7111	633
7112	884
7113	909
7114	1380
7115	1555
7116	811
7117	650
7118	383
7119	811
7120	910
7121	1107
7122	794
7123	956
7124	863
7125	759
7126	1343
7127	731
7128	948
7129	839
7130	832
7131	851
7132	1167
7133	606
7134	836
7135	451
7136	666
7137	682
7138	932
7139	728
7140	411
7141	1255
7142	948
7143	821
7144	500
7145	833
7146	714
7147	613
7148	809
7149	487
7150	1139
7151	953
7152	736
7153	519
7154	1045
7155	675
7156	607
7157	711
7158	847
7159	704
7160	981
7161	663
7162	1153
7163	1164
7164	683
7165	669
7166	517
7167	696
7168	541
7169	975
7170	1077
7171	465
7172	342
7173	1246
7174	655
7175	1160
7176	438
7177	608
7178	640
7179	715
7180	1178
7181	575
7182	708
7183	979
7184	593
7185	655
7186	628
7187	581
7188	1014
7189	721
7190	855
7191	599
7192	1005
7193	845
7194	708
7195	959
7196	838
7197	544
7198	616
7199	1072
7200	920
7201	996
7202	781
7203	703
7204	585
7205	630
7206	658
7207	882
7208	808
7209	631
7210	717
7211	1123
7212	1005
7213	546
7214	703
7215	952
7216	670
7217	1064
7218	803
7219	686
7220	600
7221	1255
7222	767
7223	682
7224	1054
7225	1158
7226	702
7227	833
7228	837
7229	1596
7230	658
7231	853
7232	810
7233	664
7234	437
7235	765
7236	919
7237	631
7238	683
7239	930
7240	703
7241	1004
7242	1150
7243	1087
7244	474
7245	756
7246	999
7247	787
7248	951
7249	1214
7250	627
7251	541
7252	860
7253	764
7254	866
7255	840
7256	686
7257	1525
7258	886
7259	498
7260	849
7261	577
7262	635
7263	586
7264	842
7265	764
7266	775
7267	637
7268	889
7269	782
7270	779
7271	647
7272	726
7273	967
7274	865
7275	532
7276	738
7277	734
7278	489
7279	1127
7280	703
7281	727
7282	1151
7283	742
7284	652
7285	535
7286	976
7287	757
7288	599
7289	1261
7290	556
7291	601
7292	457
7293	527
7294	1252
7295	949
7296	570
7297	511
7298	1034
7299	825
7300	758
7301	1027
7302	1112
7303	1034
7304	1016
7305	599
7306	608
7307	745
7308	777
7309	1694
7310	512
7311	848
7312	997
7313	911
7314	801
7315	476
7316	853
7317	521
7318	695
7319	773
7320	1050
7321	752
7322	918
7323	657
7324	1262
7325	623
7326	610
7327	726
7328	1436
7329	1230
7330	788
7331	1159
7332	1332
7333	1030
7334	576
7335	852
7336	874
7337	799
7338	812
7339	856
7340	821
7341	942
7342	694
7343	573
7344	759
7345	773
7346	665
7347	859
7348	836
7349	854
7350	726
7351	469
7352	720
7353	696
7354	936
7355	566
7356	917
7357	342
7358	1056
7359	792
7360	642
7361	590
7362	530
7363	777
7364	626
7365	487
7366	903
7367	816
7368	1052
7369	1030
7370	485
7371	816
7372	447
7373	1041
7374	764
7375	683
7376	689
7377	541
7378	688
7379	688
7380	964
7381	701
7382	940
7383	563
7384	625
7385	539
7386	467
7387	649
7388	900
7389	918
7390	987
7391	873
7392	401
7393	810
7394	844
7395	562
7396	1084
7397	941
7398	910
7399	1177
7400	1144
7401	505
7402	698
7403	764
7404	477
7405	793
7406	826
7407	799
7408	685
7409	866
7410	1479
7411	734
7412	790
7413	514
7414	1165
7415	779
7416	537
7417	542
7418	732
7419	716
7420	518
7421	861
7422	878
7423	1129
7424	1159
7425	813
7426	1103
7427	740
7428	845
7429	923
7430	856
7431	545
7432	998
7433	969
7434	552
7435	576
7436	957
7437	1037
7438	1180
7439	780
7440	692
7441	513
7442	542
7443	728
7444	1013
7445	653
7446	1282
7447	497
7448	726
7449	575
7450	1006
7451	671
7452	500
7453	366
7454	528
7455	672
7456	544
7457	1038
7458	685
7459	770
7460	592
7461	1143
7462	979
7463	519
7464	831
7465	692
7466	876
7467	511
7468	546
7469	940
7470	1312
7471	687
7472	706
7473	882
7474	586
7475	661
7476	1194
7477	580
7478	695
7479	675
7480	586
7481	793
7482	734
7483	616
7484	637
7485	698
7486	1081
7487	605
7488	593
7489	574
7490	1018
7491	629
7492	1084
7493	780
7494	763
7495	705
7496	620
7497	662
7498	988
7499	541
7500	659
7501	937
7502	885
7503	369
7504	811
7505	693
7506	1167
7507	692
7508	833
7509	498
7510	734
7511	551
7512	844
7513	1061
7514	649
7515	922
7516	1108
7517	562
7518	725
7519	713
7520	1043
7521	832
7522	1440
7523	1131
7524	555
7525	898
7526	997
7527	675
7528	820
7529	676
7530	935
7531	783
7532	769
7533	590
7534	688
7535	863
7536	936
7537	578
7538	567
7539	880
7540	925
7541	403
7542	925
7543	1395
7544	558
7545	1190
7546	558
7547	581
7548	852
7549	621
7550	1473
7551	580
7552	840
7553	721
7554	619
7555	766
7556	1014
7557	870
7558	539
7559	585
7560	634
7561	663
7562	713
7563	343
7564	834
7565	630
7566	965
7567	596
7568	1077
7569	756
7570	614
7571	1041
7572	563
7573	727
7574	742
7575	755
7576	576
7577	1077
7578	646
7579	682
7580	874
7581	554
7582	1039
7583	478
7584	752
7585	921
7586	773
7587	990
7588	680
7589	396
7590	941
7591	792
7592	969
7593	862
7594	988
7595	438
7596	782
7597	834
7598	969
7599	771
7600	871
7601	521
7602	940
7603	717
7604	737
7605	896
7606	563
7607	878
7608	741
7609	651
7610	609
7611	601
7612	709
7613	791
7614	765
7615	580
7616	638
7617	575
7618	916
7619	1030
7620	606
7621	605
7622	1171
7623	892
7624	1451
7625	561
7626	531
7627	1093
7628	742
7629	1132
7630	949
7631	615
7632	717
7633	766
7634	458
7635	1111
7636	627
7637	1084
7638	525
7639	630
7640	775
7641	645
7642	741
7643	736
7644	1131
7645	1118
7646	769
7647	648
7648	670
7649	745
7650	805
7651	758
7652	544
7653	996
7654	810
7655	809
7656	1189
7657	655
7658	741
7659	741
7660	478
7661	821
7662	848
7663	1402
7664	630
7665	797
7666	658
7667	913
7668	1213
7669	768
7670	1067
7671	792
7672	770
7673	791
7674	869
7675	682
7676	595
7677	854
7678	771
7679	729
7680	568
7681	1117
7682	1199
7683	1574
7684	1270
7685	901
7686	1099
7687	660
7688	745
7689	1108
7690	644
7691	760
7692	663
7693	587
7694	926
7695	784
7696	530
7697	670
7698	739
7699	805
7700	884
7701	312
7702	717
7703	806
7704	686
7705	763
7706	958
7707	657
7708	1241
7709	1287
7710	1012
7711	689
7712	1186
7713	815
7714	763
7715	669
7716	757
7717	513
7718	1173
7719	964
7720	817
7721	1351
7722	1181
7723	748
7724	717
7725	566
7726	785
7727	1251
7728	1050
7729	463
7730	1394
7731	899
7732	547
7733	601
7734	926
7735	468
7736	513
7737	760
7738	634
7739	461
7740	806
7741	812
7742	706
7743	858
7744	374
7745	1209
7746	777
7747	881
7748	813
7749	782
7750	1769
7751	2154
7752	973
7753	705
7754	851
7755	695
7756	714
7757	978
7758	638
7759	850
7760	1063
7761	943
7762	514
7763	631
7764	760
7765	566
7766	922
7767	483
7768	740
7769	472
7770	572
7771	536
7772	609
7773	781
7774	813
7775	558
7776	645
7777	859
7778	488
7779	435
7780	499
7781	610
7782	401
7783	1175
7784	711
7785	891
7786	865
7787	518
7788	1173
7789	592
7790	466
7791	579
7792	664
7793	941
7794	713
7795	634
7796	859
7797	698
7798	443
7799	708
7800	943
7801	581
7802	703
7803	521
7804	1125
7805	1512
7806	884
7807	634
7808	854
7809	708
7810	692
7811	699
7812	994
7813	734
7814	620
7815	448
7816	711
7817	523
7818	737
7819	539
7820	699
7821	1028
7822	623
7823	741
7824	1387
7825	543
7826	423
7827	927
7828	745
7829	901
7830	693
7831	1560
7832	759
7833	802
7834	1140
7835	588
7836	721
7837	977
7838	860
7839	564
7840	414
7841	518
7842	1001
7843	518
7844	1294
7845	620
7846	849
7847	930
7848	479
7849	759
7850	826
7851	914
7852	720
7853	909
7854	697
7855	627
7856	552
7857	1405
7858	758
7859	1017
7860	810
7861	968
7862	862
7863	936
7864	799
7865	867
7866	989
7867	376
7868	1046
7869	1034
7870	674
7871	530
7872	693
7873	1290
7874	943
7875	525
7876	753
7877	1225
7878	681
7879	506
7880	724
7881	867
7882	1027
7883	839
7884	512
7885	973
7886	966
7887	628
7888	1358
7889	1653
7890	983
7891	920
7892	1047
7893	1005
7894	688
7895	471
7896	768
7897	833
7898	898
7899	778
7900	520
7901	592
7902	966
7903	985
7904	744
7905	544
7906	967
7907	752
7908	606
7909	870
7910	1274
7911	1044
7912	627
7913	984
7914	1215
7915	1032
7916	849
7917	849
7918	894
7919	630
7920	526
7921	1324
7922	670
7923	1370
7924	1202
7925	649
7926	1133
7927	909
7928	1030
7929	734
7930	889
7931	773
7932	910
7933	549
7934	712
7935	699
7936	669
7937	829
7938	490
7939	474
7940	842
7941	1291
7942	678
7943	583
7944	845
7945	724
7946	906
7947	1002
7948	1384
7949	1162
7950	931
7951	1071
7952	497
7953	693
7954	679
7955	637
7956	930
7957	646
7958	772
7959	1110
7960	934
7961	745
7962	959
7963	1613
7964	667
7965	722
7966	867
7967	749
7968	474
7969	863
7970	1169
7971	807
7972	719
7973	500
7974	717
7975	699
7976	785
7977	819
7978	601
7979	1014
7980	1198
7981	1176
7982	1090
7983	472
7984	685
7985	773
7986	556
7987	469
7988	856
7989	955
7990	1147
7991	867
7992	662
7993	931
7994	584
7995	484
7996	697
7997	1750
7998	860
7999	1490
8000	689
8001	730
8002	392
8003	759
8004	1236
8005	568
8006	698
8007	679
8008	608
8009	889
8010	1069
8011	971
8012	786
8013	692
8014	996
8015	1219
8016	684
8017	543
8018	1136
8019	631
8020	704
8021	517
8022	666
8023	783
8024	950
8025	1665
8026	1219
8027	1123
8028	486
8029	906
8030	765
8031	738
8032	571
8033	842
8034	909
8035	816
8036	666
8037	433
8038	961
8039	616
8040	828
8041	1021
8042	625
8043	1076
8044	770
8045	968
8046	776
8047	655
8048	782
8049	1382
8050	734
8051	426
8052	1360
8053	806
8054	924
8055	729
8056	658
8057	856
8058	1009
8059	778
8060	626
8061	669
8062	1516
8063	1243
8064	1078
8065	749
8066	902
8067	427
8068	850
8069	630
8070	1158
8071	506
8072	628
8073	643
8074	1068
8075	675
8076	707
8077	1086
8078	823
8079	860
8080	1056
8081	955
8082	772
8083	458
8084	910
8085	608
8086	732
8087	855
8088	621
8089	531
8090	705
8091	814
8092	487
8093	502
8094	663
8095	569
8096	912
8097	493
8098	647
8099	1334
8100	539
8101	1158
8102	804
8103	616
8104	633
8105	1265
8106	647
8107	685
8108	1113
8109	509
8110	625
8111	867
8112	975
8113	463
8114	1308
8115	1038
8116	924
8117	773
8118	793
8119	671
8120	635
8121	703
8122	519
8123	707
8124	594
8125	686
8126	571
8127	842
8128	595
8129	799
8130	758
8131	1040
8132	847
8133	778
8134	649
8135	742
8136	393
8137	2089
8138	1065
8139	807
8140	604
8141	816
8142	677
8143	906
8144	598
8145	907
8146	831
8147	937
8148	537
8149	743
8150	516
8151	1059
8152	862
8153	663
8154	663
8155	1127
8156	528
8157	768
8158	1437
8159	902
8160	1037
8161	728
8162	1078
8163	749
8164	886
8165	272
8166	1020
8167	1550
8168	631
8169	691
8170	710
8171	999
8172	984
8173	799
8174	640
8175	576
8176	981
8177	1191
8178	662
8179	838
8180	1216
8181	782
8182	598
8183	771
8184	738
8185	961
8186	1337
8187	880
8188	640
8189	1138
8190	588
8191	951
8192	771
8193	734
8194	676
8195	1349
8196	670
8197	623
8198	754
8199	972
8200	1002
8201	630
8202	1323
8203	813
8204	866
8205	309
8206	572
8207	674
8208	622
8209	712
8210	1044
8211	787
8212	779
8213	519
8214	917
8215	1190
8216	1272
8217	597
8218	841
8219	868
8220	964
8221	743
8222	913
8223	644
8224	836
8225	801
8226	1378
8227	598
8228	772
8229	754
8230	625
8231	783
8232	622
8233	892
8234	684
8235	669
8236	531
8237	570
8238	447
8239	655
8240	969
8241	962
8242	885
8243	583
8244	867
8245	644
8246	609
8247	877
8248	955
8249	785
8250	687
8251	651
8252	682
8253	1139
8254	627
8255	1190
8256	855
8257	1173
8258	1103
8259	774
8260	1214
8261	957
8262	711
8263	974
8264	674
8265	563
8266	786
8267	732
8268	836
8269	804
8270	1324
8271	696
8272	702
8273	701
8274	721
8275	773
8276	675
8277	747
8278	780
8279	965
8280	574
8281	714
8282	585
8283	835
8284	674
8285	694
8286	622
8287	544
8288	569
8289	508
8290	686
8291	413
8292	1297
8293	638
8294	1266
8295	552
8296	1678
8297	938
8298	1056
8299	586
8300	1056
8301	863
8302	519
8303	699
8304	1096
8305	978
8306	400
8307	890
8308	497
8309	780
8310	649
8311	498
8312	1407
8313	951
8314	724
8315	515
8316	1022
8317	413
8318	730
8319	956
8320	800
8321	491
8322	797
8323	813
8324	811
8325	753
8326	388
8327	1285
8328	966
8329	578
8330	732
8331	601
8332	663
8333	774
8334	658
8335	663
8336	1269
8337	661
8338	867
8339	633
8340	1426
8341	920
8342	970
8343	740
8344	679
8345	565
8346	655
8347	570
8348	763
8349	778
8350	450
8351	693
8352	714
8353	1028
8354	673
8355	629
8356	717
8357	668
8358	722
8359	623
8360	579
8361	1754
8362	940
8363	787
8364	621
8365	786
8366	696
8367	1402
8368	958
8369	1295
8370	1143
8371	911
8372	731
8373	850
8374	814
8375	1204
8376	1175
8377	941
8378	667
8379	847
8380	1228
8381	732
8382	812
8383	708
8384	537
8385	951
8386	797
8387	988
8388	915
8389	1417
8390	526
8391	442
8392	597
8393	829
8394	579
8395	862
8396	660
8397	655
8398	929
8399	1109
8400	1248
8401	493
8402	1071
8403	631
8404	360
8405	647
8406	754
8407	973
8408	637
8409	634
8410	544
8411	522
8412	562
8413	813
8414	660
8415	1041
8416	990
8417	1065
8418	1477
8419	760
8420	1099
8421	549
8422	645
8423	587
8424	484
8425	614
8426	605
8427	1060
8428	643
8429	856
8430	2032
8431	531
8432	767
8433	735
8434	857
8435	1252
8436	1105
8437	833
8438	730
8439	932
8440	674
8441	649
8442	653
8443	743
8444	998
8445	633
8446	853
8447	830
8448	984
8449	452
8450	757
8451	813
8452	784
8453	594
8454	1098
8455	650
8456	899
8457	598
8458	489
8459	1285
8460	995
8461	643
8462	811
8463	911
8464	880
8465	1078
8466	720
8467	1145
8468	716
8469	759
8470	845
8471	1509
8472	1002
8473	480
8474	658
8475	495
8476	657
8477	967
8478	901
8479	1019
8480	526
8481	899
8482	625
8483	753
8484	779
8485	768
8486	450
8487	1385
8488	820
8489	638
8490	461
8491	743
8492	726
8493	734
8494	1166
8495	597
8496	1226
8497	879
8498	1095
8499	985
8500	690
8501	591
8502	478
8503	545
8504	808
8505	923
8506	696
8507	703
8508	908
8509	970
8510	833
8511	862
8512	1253
8513	889
8514	729
8515	694
8516	713
8517	582
8518	630
8519	528
8520	615
8521	721
8522	616
8523	722
8524	894
8525	1205
8526	576
8527	900
8528	1040
8529	773
8530	748
8531	1109
8532	688
8533	720
8534	712
8535	1016
8536	1172
8537	694
8538	805
8539	1335
8540	925
8541	607
8542	573
8543	1323
8544	661
8545	707
8546	646
8547	1028
8548	1120
8549	817
8550	783
8551	903
8552	676
8553	900
8554	816
8555	1300
8556	1544
8557	797
8558	841
8559	400
8560	647
8561	500
8562	819
8563	934
8564	790
8565	484
8566	868
8567	871
8568	984
8569	660
8570	1159
8571	612
8572	757
8573	853
8574	742
8575	987
8576	636
8577	551
8578	803
8579	811
8580	674
8581	739
8582	526
8583	645
8584	470
8585	684
8586	830
8587	762
8588	1167
8589	936
8590	324
8591	697
8592	1125
8593	710
8594	875
8595	680
8596	1183
8597	682
8598	695
8599	794
8600	630
8601	1295
8602	664
8603	408
8604	497
8605	425
8606	935
8607	917
8608	601
8609	1138
8610	764
8611	660
8612	1090
8613	593
8614	917
8615	1370
8616	776
8617	468
8618	911
8619	759
8620	1122
8621	1223
8622	650
8623	843
8624	829
8625	688
8626	1090
8627	807
8628	751
8629	848
8630	678
8631	1088
8632	835
8633	894
8634	499
8635	650
8636	841
8637	1067
8638	1022
8639	757
8640	777
8641	849
8642	994
8643	622
8644	902
8645	735
8646	967
8647	659
8648	1368
8649	530
8650	704
8651	692
8652	766
8653	558
8654	576
8655	647
8656	1060
8657	671
8658	875
8659	570
8660	656
8661	484
8662	1305
8663	848
8664	1259
8665	884
8666	808
8667	815
8668	746
8669	758
8670	1261
8671	747
8672	901
8673	773
8674	737
8675	597
8676	628
8677	858
8678	1014
8679	602
8680	616
8681	577
8682	582
8683	1005
8684	833
8685	1386
8686	847
8687	730
8688	740
8689	906
8690	883
8691	1373
8692	1091
8693	774
8694	1162
8695	1211
8696	492
8697	752
8698	1167
8699	1297
8700	1445
8701	568
8702	398
8703	687
8704	615
8705	554
8706	1417
8707	451
8708	545
8709	659
8710	1105
8711	740
8712	1125
8713	825
8714	655
8715	522
8716	764
8717	520
8718	422
8719	696
8720	718
8721	678
8722	1032
8723	744
8724	650
8725	1058
8726	583
8727	942
8728	518
8729	971
8730	749
8731	732
8732	964
8733	843
8734	633
8735	765
8736	1076
8737	657
8738	744
8739	821
8740	1191
8741	1848
8742	447
8743	733
8744	981
8745	1074
8746	1204
8747	1172
8748	1331
8749	1185
8750	911
8751	1202
8752	740
8753	376
8754	1034
8755	573
8756	918
8757	818
8758	894
8759	529
8760	1080
8761	775
8762	878
8763	664
8764	956
8765	592
8766	554
8767	867
8768	1724
8769	661
8770	521
8771	627
8772	920
8773	795
8774	596
8775	495
8776	820
8777	922
8778	849
8779	1709
8780	673
8781	846
8782	707
8783	662
8784	847
8785	631
8786	785
8787	875
8788	839
8789	1130
8790	925
8791	466
8792	955
8793	900
8794	689
8795	925
8796	817
8797	969
8798	798
8799	1381
8800	951
8801	413
8802	732
8803	899
8804	913
8805	1125
8806	1006
8807	1340
8808	527
8809	815
8810	868
8811	773
8812	949
8813	1121
8814	871
8815	1185
8816	720
8817	580
8818	535
8819	860
8820	527
8821	908
8822	1455
8823	1057
8824	781
8825	755
8826	637
8827	495
8828	755
8829	841
8830	821
8831	632
8832	658
8833	745
8834	827
8835	720
8836	1176
8837	611
8838	2064
8839	494
8840	768
8841	806
8842	734
8843	638
8844	545
8845	899
8846	909
8847	546
8848	720
8849	804
8850	792
8851	733
8852	1352
8853	723
8854	637
8855	1154
8856	1543
8857	715
8858	1036
8859	797
8860	1079
8861	658
8862	704
8863	760
8864	863
8865	1101
8866	953
8867	841
8868	909
8869	839
8870	942
8871	1077
8872	703
8873	1053
8874	545
8875	704
8876	700
8877	608
8878	759
8879	747
8880	881
8881	1104
8882	533
8883	572
8884	1250
8885	866
8886	1066
8887	653
8888	1300
8889	1143
8890	814
8891	1333
8892	955
8893	894
8894	729
8895	390
8896	687
8897	1072
8898	783
8899	970
8900	890
8901	811
8902	645
8903	1100
8904	1227
8905	945
8906	697
8907	1291
8908	771
8909	784
8910	457
8911	1052
8912	717
8913	625
8914	498
8915	791
8916	602
8917	936
8918	602
8919	974
8920	731
8921	575
8922	757
8923	802
8924	1145
8925	791
8926	943
8927	469
8928	715
8929	1155
8930	835
8931	824
8932	639
8933	662
8934	508
8935	1191
8936	725
8937	960
8938	1040
8939	944
8940	532
8941	1236
8942	483
8943	788
8944	1555
8945	923
8946	903
8947	770
8948	685
8949	1074
8950	1013
8951	453
8952	571
8953	905
8954	810
8955	923
8956	991
8957	666
8958	539
8959	1261
8960	751
8961	557
8962	654
8963	583
8964	652
8965	696
8966	749
8967	406
8968	642
8969	569
8970	836
8971	817
8972	1209
8973	801
8974	873
8975	857
8976	1175
8977	634
8978	719
8979	1037
8980	666
8981	674
8982	939
8983	670
8984	622
8985	673
8986	449
8987	967
8988	944
8989	433
8990	701
8991	604
8992	518
8993	908
8994	1145
8995	1005
8996	814
8997	979
8998	724
8999	1723
9000	536
9001	829
9002	780
9003	804
9004	822
9005	1472
9006	697
9007	1147
9008	1074
9009	864
9010	1036
9011	696
9012	614
9013	869
9014	598
9015	904
9016	778
9017	734
9018	703
9019	649
9020	715
9021	664
9022	743
9023	764
9024	986
9025	769
9026	778
9027	805
9028	870
9029	1299
9030	695
9031	998
9032	822
9033	1239
9034	750
9035	576
9036	540
9037	875
9038	637
9039	730
9040	849
9041	546
9042	700
9043	818
9044	788
9045	763
9046	536
9047	576
9048	792
9049	810
9050	840
9051	420
9052	1081
9053	386
9054	953
9055	736
9056	977
9057	629
9058	726
9059	744
9060	1007
9061	558
9062	475
9063	1898
9064	1285
9065	1063
9066	1106
9067	364
9068	1808
9069	1543
9070	609
9071	886
9072	682
9073	591
9074	1021
9075	620
9076	994
9077	1111
9078	1279
9079	881
9080	575
9081	503
9082	631
9083	494
9084	748
9085	654
9086	836
9087	617
9088	649
9089	957
9090	498
9091	944
9092	718
9093	1806
9094	850
9095	637
9096	669
9097	959
9098	665
9099	906
9100	863
9101	1125
9102	598
9103	623
9104	913
9105	458
9106	1138
9107	743
9108	540
9109	1007
9110	597
9111	654
9112	875
9113	660
9114	759
9115	1131
9116	694
9117	371
9118	673
9119	1516
9120	802
9121	844
9122	1008
9123	720
9124	869
9125	720
9126	1043
9127	801
9128	521
9129	606
9130	724
9131	614
9132	962
9133	983
9134	689
9135	770
9136	847
9137	839
9138	1193
9139	872
9140	1050
9141	867
9142	808
9143	684
9144	948
9145	982
9146	984
9147	959
9148	1096
9149	1050
9150	606
9151	1095
9152	588
9153	468
9154	777
9155	1330
9156	476
9157	911
9158	1084
9159	581
9160	713
9161	1318
9162	619
9163	342
9164	605
9165	708
9166	487
9167	950
9168	1168
9169	640
9170	1167
9171	945
9172	1141
9173	418
9174	716
9175	685
9176	751
9177	1027
9178	735
9179	684
9180	1140
9181	776
9182	740
9183	1100
9184	606
9185	367
9186	692
9187	1118
9188	706
9189	901
9190	658
9191	765
9192	1329
9193	506
9194	560
9195	1263
9196	588
9197	699
9198	712
9199	1069
9200	579
9201	614
9202	910
9203	1048
9204	462
9205	1219
9206	872
9207	922
9208	711
9209	924
9210	1179
9211	727
9212	516
9213	1426
9214	722
9215	1219
9216	777
9217	656
9218	606
9219	789
9220	1172
9221	815
9222	727
9223	1306
9224	817
9225	589
9226	549
9227	663
9228	859
9229	796
9230	854
9231	822
9232	1027
9233	1249
9234	954
9235	585
9236	557
9237	999
9238	799
9239	862
9240	575
9241	901
9242	703
9243	352
9244	731
9245	779
9246	746
9247	964
9248	599
9249	979
9250	831
9251	1163
9252	576
9253	917
9254	1032
9255	548
9256	683
9257	568
9258	754
9259	696
9260	768
9261	1019
9262	684
9263	697
9264	702
9265	771
9266	708
9267	1412
9268	1173
9269	975
9270	700
9271	951
9272	668
9273	1421
9274	1129
9275	2181
9276	673
9277	741
9278	672
9279	1034
9280	943
9281	915
9282	664
9283	769
9284	1046
9285	419
9286	925
9287	639
9288	921
9289	1135
9290	765
9291	866
9292	649
9293	797
9294	1060
9295	733
9296	1215
9297	1177
9298	747
9299	609
9300	790
9301	698
9302	729
9303	809
9304	740
9305	840
9306	887
9307	943
9308	845
9309	861
9310	605
9311	382
9312	712
9313	1106
9314	924
9315	1265
9316	829
9317	736
9318	728
9319	837
9320	1275
9321	567
9322	639
9323	708
9324	574
9325	607
9326	528
9327	1526
9328	545
9329	994
9330	1138
9331	1257
9332	563
9333	832
9334	523
9335	600
9336	779
9337	645
9338	721
9339	1827
9340	762
9341	516
9342	442
9343	627
9344	1121
9345	681
9346	833
9347	428
9348	583
9349	1227
9350	711
9351	1366
9352	774
9353	1077
9354	918
9355	440
9356	1049
9357	818
9358	695
9359	1133
9360	625
9361	457
9362	564
9363	885
9364	1010
9365	616
9366	587
9367	581
9368	856
9369	1137
9370	1013
9371	897
9372	893
9373	446
9374	848
9375	629
9376	824
9377	692
9378	609
9379	880
9380	462
9381	786
9382	544
9383	1027
9384	1216
9385	588
9386	833
9387	863
9388	801
9389	961
9390	935
9391	807
9392	1104
9393	875
9394	674
9395	561
9396	499
9397	545
9398	974
9399	860
9400	580
9401	539
9402	506
9403	675
9404	532
9405	725
9406	942
9407	573
9408	880
9409	1209
9410	449
9411	737
9412	1054
9413	363
9414	757
9415	548
9416	758
9417	1018
9418	1410
9419	1122
9420	605
9421	971
9422	730
9423	733
9424	1078
9425	773
9426	520
9427	753
9428	687
9429	495
9430	727
9431	716
9432	806
9433	515
9434	1230
9435	575
9436	574
9437	759
9438	787
9439	910
9440	1287
9441	657
9442	716
9443	634
9444	1130
9445	748
9446	969
9447	702
9448	1004
9449	915
9450	819
9451	751
9452	1152
9453	678
9454	507
9455	1132
9456	738
9457	1166
9458	622
9459	616
9460	1333
9461	874
9462	823
9463	871
9464	805
9465	599
9466	1092
9467	786
9468	673
9469	1050
9470	928
9471	695
9472	936
9473	883
9474	858
9475	639
9476	838
9477	601
9478	804
9479	866
9480	415
9481	699
9482	590
9483	489
9484	843
9485	708
9486	969
9487	915
9488	1074
9489	985
9490	972
9491	637
9492	593
9493	579
9494	569
9495	796
9496	513
9497	650
9498	1061
9499	875
9500	747
9501	584
9502	781
9503	529
9504	847
9505	1115
9506	674
9507	469
9508	1040
9509	856
9510	742
9511	993
9512	579
9513	474
9514	546
9515	603
9516	1009
9517	534
9518	1040
9519	1100
9520	553
9521	724
9522	897
9523	918
9524	885
9525	975
9526	757
9527	754
9528	571
9529	630
9530	781
9531	983
9532	682
9533	490
9534	1047
9535	884
9536	699
9537	622
9538	396
9539	838
9540	927
9541	993
9542	683
9543	1060
9544	1496
9545	579
9546	1005
9547	470
9548	966
9549	662
9550	791
9551	457
9552	768
9553	524
9554	1061
9555	756
9556	534
9557	994
9558	867
9559	1018
9560	782
9561	693
9562	862
9563	596
9564	1029
9565	827
9566	580
9567	849
9568	587
9569	1028
9570	996
9571	795
9572	687
9573	843
9574	805
9575	586
9576	751
9577	850
9578	1047
9579	663
9580	681
9581	496
9582	631
9583	764
9584	931
9585	1484
9586	1111
9587	751
9588	1110
9589	386
9590	579
9591	665
9592	1181
9593	864
9594	643
9595	784
9596	904
9597	910
9598	783
9599	1558
9600	486
9601	668
9602	687
9603	656
9604	1029
9605	930
9606	672
9607	747
9608	696
9609	601
9610	768
9611	738
9612	942
9613	704
9614	424
9615	522
9616	925
9617	962
9618	797
9619	939
9620	429
9621	891
9622	686
9623	838
9624	706
9625	633
9626	552
9627	595
9628	1076
9629	551
9630	896
9631	632
9632	987
9633	778
9634	625
9635	810
9636	779
9637	581
9638	541
9639	788
9640	546
9641	764
9642	866
9643	1146
9644	779
9645	1111
9646	612
9647	1152
9648	686
9649	554
9650	574
9651	629
9652	510
9653	949
9654	882
9655	655
9656	831
9657	693
9658	758
9659	805
9660	1044
9661	555
9662	466
9663	800
9664	544
9665	1005
9666	791
9667	1341
9668	952
9669	797
9670	590
9671	668
9672	514
9673	685
9674	942
9675	343
9676	1418
9677	605
9678	565
9679	662
9680	942
9681	719
9682	1108
9683	683
9684	725
9685	583
9686	889
9687	450
9688	1044
9689	958
9690	955
9691	954
9692	1006
9693	1680
9694	860
9695	633
9696	765
9697	1088
9698	439
9699	796
9700	880
9701	712
9702	602
9703	1040
9704	684
9705	853
9706	998
9707	1125
9708	535
9709	907
9710	632
9711	550
9712	579
9713	1449
9714	964
9715	906
9716	574
9717	556
9718	812
9719	394
9720	898
9721	1099
9722	368
9723	575
9724	536
9725	1035
9726	695
9727	1390
9728	1074
9729	858
9730	607
9731	597
9732	878
9733	1046
9734	703
9735	774
9736	538
9737	807
9738	662
9739	680
9740	917
9741	472
9742	523
9743	596
9744	481
9745	711
9746	986
9747	535
9748	1160
9749	625
9750	1030
9751	764
9752	533
9753	878
9754	1002
9755	539
9756	656
9757	519
9758	570
9759	958
9760	902
9761	778
9762	498
9763	506
9764	972
9765	897
9766	679
9767	488
9768	966
9769	1389
9770	601
9771	809
9772	467
9773	681
9774	426
9775	798
9776	917
9777	836
9778	832
9779	1350
9780	779
9781	856
9782	536
9783	1194
9784	535
9785	600
9786	419
9787	675
9788	571
9789	800
9790	620
9791	518
9792	1004
9793	623
9794	860
9795	495
9796	1117
9797	771
9798	674
9799	568
9800	777
9801	1046
9802	532
9803	958
9804	647
9805	1317
9806	773
9807	839
9808	863
9809	1298
9810	901
9811	643
9812	493
9813	908
9814	1276
9815	665
9816	767
9817	685
9818	919
9819	1269
9820	665
9821	495
9822	991
9823	681
9824	728
9825	790
9826	835
9827	695
9828	659
9829	1707
9830	1050
9831	652
9832	1272
9833	734
9834	1503
9835	728
9836	1028
9837	407
9838	992
9839	579
9840	1192
9841	743
9842	984
9843	620
9844	659
9845	533
9846	637
9847	526
9848	751
9849	958
9850	902
9851	1234
9852	760
9853	758
9854	729
9855	646
9856	522
9857	615
9858	440
9859	516
9860	1511
9861	663
9862	1032
9863	1074
9864	891
9865	917
9866	715
9867	648
9868	783
9869	787
9870	1112
9871	521
9872	930
9873	1061
9874	529
9875	1123
9876	608
9877	900
9878	672
9879	952
9880	523
9881	600
9882	837
9883	1013
9884	809
9885	783
9886	733
9887	489
9888	1231
9889	888
9890	465
9891	737
9892	559
9893	1026
9894	1115
9895	734
9896	548
9897	1060
9898	549
9899	842
9900	706
9901	762
9902	693
9903	602
9904	588
9905	924
9906	1159
9907	669
9908	747
9909	1325
9910	669
9911	588
9912	1714
9913	520
9914	630
9915	944
9916	810
9917	623
9918	366
9919	925
9920	615
9921	770
9922	898
9923	1033
9924	710
9925	384
9926	970
9927	1088
9928	689
9929	471
9930	1046
9931	525
9932	1292
9933	839
9934	559
9935	753
9936	643
9937	1063
9938	625
9939	1262
9940	897
9941	494
9942	513
9943	1332
9944	1088
9945	397
9946	1181
9947	853
9948	578
9949	670
9950	632
9951	1063
9952	762
9953	909
9954	661
9955	667
9956	684
9957	649
9958	1061
9959	643
9960	1423
9961	764
9962	921
9963	769
9964	957
9965	855
9966	512
9967	1356
9968	657
9969	1167
9970	1034
9971	566
9972	857
9973	844
9974	834
9975	814
9976	803
9977	1030
9978	537
9979	1037
9980	667
9981	781
9982	609
9983	514
9984	613
9985	839
9986	649
9987	1010
9988	424
9989	811
9990	942
9991	607
9992	382
9993	749
9994	703
9995	864
9996	1092
9997	1151
9998	1149
9999	570
