0	9
1	7
2	5
3	14
4	17
5	10
6	52
7	26
8	6
9	34
10	17
11	18
12	9
13	4
14	26
15	1
16	2
17	37
18	12
19	43
20	25
21	36
22	31
23	3
24	16
25	27
26	11
27	8
28	8
29	20
30	23
31	1
32	8
33	3
34	10
35	14
36	31
37	56
38	20
39	12
40	2
41	7
42	5
43	16
44	3
45	20
46	23
47	7
48	37
49	2
50	4
51	5
52	16
53	12
54	62
55	2
56	23
57	13
58	5
59	5
60	1
61	10
62	6
63	6
64	11
65	18
66	10
67	7
68	6
69	7
70	6
71	42
72	8
73	18
74	17
75	3
76	5
77	22
78	101
79	31
80	33
81	12
82	2
83	50
84	68
85	1
86	1
87	8
88	20
89	25
90	2
91	11
92	24
93	26
94	16
95	5
96	3
97	5
98	4
99	10
100	9
101	1
102	12
103	5
104	18
105	73
106	27
107	17
108	1
109	13
110	7
111	40
112	39
113	7
114	4
115	38
116	10
117	9
118	17
119	1
120	1
121	16
122	20
123	2
124	12
125	9
126	1
127	3
128	3
129	14
130	7
131	5
132	20
133	10
134	13
135	39
136	30
137	3
138	2
139	2
140	40
141	28
142	34
143	42
144	1
145	11
146	10
147	11
148	14
149	1
150	15
151	3
152	12
153	8
154	19
155	2
156	12
157	4
158	1
159	55
160	1
161	7
162	9
163	7
164	4
165	18
166	16
167	29
168	3
169	10
170	29
171	1
172	44
173	19
174	11
175	7
176	25
177	1
178	6
179	5
180	9
181	35
182	2
183	20
184	29
185	3
186	15
187	7
188	1
189	8
190	5
191	14
192	12
193	18
194	43
195	1
196	5
197	7
198	18
199	6
200	9
201	31
202	4
203	12
204	39
205	5
206	2
207	38
208	5
209	42
210	3
211	1
212	4
213	10
214	18
215	6
216	11
217	12
218	7
219	11
220	19
221	19
222	5
223	33
224	38
225	19
226	30
227	19
228	7
229	5
230	15
231	1
232	15
233	30
234	6
235	25
236	28
237	16
238	27
239	7
240	28
241	47
242	14
243	5
244	34
245	13
246	5
247	5
248	3
249	46
250	43
251	16
252	18
253	4
254	10
255	46
256	1
257	7
258	9
259	1
260	14
261	5
262	15
263	13
264	9
265	5
266	2
267	24
268	8
269	16
270	25
271	8
272	1
273	3
274	9
275	4
276	14
277	2
278	5
279	2
280	16
281	53
282	5
283	1
284	10
285	3
286	16
287	20
288	31
289	7
290	21
291	13
292	3
293	3
294	1
295	21
296	15
297	26
298	30
299	1
300	6
301	12
302	18
303	31
304	6
305	18
306	14
307	1
308	54
309	1
310	5
311	34
312	38
313	5
314	15
315	13
316	7
317	34
318	9
319	2
320	5
321	1
322	23
323	7
324	7
325	25
326	9
327	23
328	6
329	8
330	42
331	1
332	14
333	4
334	17
335	4
336	3
337	9
338	11
339	26
340	13
341	45
342	27
343	19
344	10
345	2
346	3
347	3
348	2
349	39
350	6
351	2
352	27
353	15
354	40
355	6
356	2
357	11
358	36
359	29
360	6
361	50
362	15
363	5
364	1
365	13
366	3
367	46
368	49
369	46
370	8
371	12
372	25
373	18
374	15
375	12
376	20
377	35
378	2
379	6
380	13
381	7
382	9
383	7
384	7
385	2
386	1
387	9
388	4
389	1
390	7
391	11
392	12
393	7
394	10
395	20
396	28
397	5
398	21
399	38
400	1
401	21
402	20
403	29
404	5
405	6
406	4
407	4
408	5
409	45
410	14
411	34
412	1
413	12
414	32
415	8
416	15
417	10
418	14
419	51
420	21
421	14
422	3
423	8
424	3
425	14
426	14
427	25
428	23
429	33
430	35
431	3
432	10
433	46
434	10
435	1
436	9
437	16
438	17
439	1
440	20
441	6
442	56
443	18
444	31
445	34
446	12
447	6
448	10
449	5
450	15
451	8
452	15
453	21
454	64
455	7
456	2
457	8
458	23
459	4
460	5
461	3
462	7
463	36
464	21
465	11
466	13
467	15
468	13
469	1
470	4
471	2
472	6
473	27
474	5
475	21
476	31
477	7
478	24
479	13
480	8
481	5
482	23
483	26
484	38
485	24
486	4
487	19
488	26
489	15
490	65
491	2
492	16
493	30
494	5
495	3
496	5
497	12
498	21
499	6
500	44
501	1
502	18
503	24
504	13
505	42
506	19
507	14
508	6
509	5
510	4
511	26
512	10
513	10
514	3
515	30
516	41
517	3
518	6
519	32
520	3
521	18
522	2
523	86
524	19
525	10
526	10
527	7
528	11
529	10
530	71
531	25
532	11
533	14
534	15
535	2
536	1
537	1
538	78
539	3
540	52
541	5
542	16
543	15
544	16
545	5
546	30
547	16
548	26
549	13
550	12
551	2
552	9
553	44
554	28
555	7
556	31
557	20
558	7
559	48
560	6
561	1
562	8
563	1
564	3
565	12
566	12
567	51
568	19
569	60
570	1
571	9
572	11
573	13
574	16
575	56
576	6
577	22
578	5
579	32
580	19
581	6
582	5
583	16
584	13
585	20
586	77
587	16
588	11
589	1
590	5
591	7
592	19
593	8
594	6
595	3
596	31
597	4
598	51
599	53
600	1
601	86
602	2
603	5
604	10
605	31
606	6
607	70
608	16
609	39
610	46
611	3
612	13
613	12
614	14
615	20
616	1
617	19
618	3
619	21
620	29
621	19
622	24
623	3
624	24
625	72
626	52
627	3
628	29
629	22
630	9
631	2
632	4
633	24
634	3
635	4
636	66
637	6
638	43
639	17
640	8
641	16
642	3
643	6
644	23
645	2
646	15
647	1
648	33
649	30
650	12
651	3
652	7
653	9
654	1
655	8
656	8
657	3
658	4
659	4
660	12
661	67
662	14
663	15
664	4
665	11
666	1
667	10
668	17
669	6
670	7
671	3
672	1
673	7
674	12
675	8
676	12
677	31
678	7
679	15
680	20
681	3
682	3
683	6
684	26
685	27
686	2
687	10
688	27
689	5
690	15
691	19
692	14
693	11
694	20
695	1
696	16
697	6
698	2
699	11
700	27
701	22
702	18
703	28
704	14
705	26
706	41
707	25
708	5
709	10
710	13
711	36
712	7
713	20
714	21
715	25
716	53
717	1
718	4
719	2
720	20
721	33
722	39
723	15
724	15
725	6
726	18
727	6
728	43
729	20
730	40
731	15
732	27
733	6
734	1
735	3
736	11
737	19
738	11
739	1
740	3
741	21
742	44
743	6
744	12
745	36
746	5
747	15
748	2
749	16
750	5
751	36
752	1
753	38
754	11
755	13
756	3
757	6
758	16
759	8
760	3
761	11
762	53
763	7
764	10
765	18
766	33
767	22
768	46
769	30
770	1
771	30
772	16
773	19
774	18
775	22
776	1
777	25
778	12
779	11
780	5
781	4
782	7
783	13
784	14
785	12
786	14
787	1
788	1
789	3
790	14
791	38
792	1
793	33
794	12
795	15
796	10
797	32
798	15
799	46
800	7
801	23
802	7
803	42
804	8
805	1
806	35
807	6
808	2
809	80
810	23
811	24
812	14
813	14
814	19
815	15
816	10
817	1
818	15
819	15
820	26
821	12
822	5
823	21
824	10
825	2
826	10
827	3
828	1
829	11
830	15
831	19
832	12
833	40
834	16
835	46
836	1
837	27
838	7
839	18
840	2
841	14
842	5
843	43
844	20
845	3
846	4
847	7
848	10
849	2
850	15
851	16
852	4
853	8
854	9
855	80
856	11
857	7
858	4
859	12
860	4
861	6
862	13
863	43
864	32
865	17
866	23
867	63
868	1
869	22
870	23
871	13
872	89
873	14
874	9
875	34
876	44
877	11
878	15
879	31
880	30
881	2
882	6
883	4
884	6
885	10
886	10
887	13
888	21
889	15
890	3
891	37
892	66
893	19
894	3
895	10
896	24
897	1
898	29
899	36
900	10
901	1
902	7
903	3
904	4
905	3
906	13
907	18
908	12
909	1
910	16
911	11
912	13
913	72
914	4
915	1
916	6
917	17
918	10
919	14
920	6
921	6
922	8
923	5
924	14
925	15
926	6
927	20
928	15
929	1
930	11
931	10
932	25
933	25
934	2
935	10
936	24
937	10
938	2
939	32
940	6
941	18
942	1
943	6
944	7
945	5
946	2
947	1
948	5
949	6
950	44
951	10
952	24
953	1
954	2
955	6
956	5
957	1
958	4
959	7
960	14
961	5
962	1
963	2
964	27
965	16
966	21
967	8
968	2
969	41
970	28
971	17
972	28
973	15
974	1
975	24
976	1
977	34
978	3
979	43
980	1
981	5
982	10
983	57
984	4
985	16
986	13
987	60
988	1
989	9
990	24
991	16
992	13
993	19
994	21
995	8
996	21
997	11
998	7
999	11
1000	1
1001	9
1002	3
1003	8
1004	2
1005	81
1006	4
1007	16
1008	18
1009	15
1010	3
1011	5
1012	7
1013	13
1014	2
1015	10
1016	11
1017	15
1018	3
1019	14
1020	33
1021	25
1022	18
1023	15
1024	3
1025	8
1026	40
1027	26
1028	27
1029	34
1030	42
1031	54
1032	4
1033	1
1034	11
1035	2
1036	55
1037	15
1038	15
1039	5
1040	5
1041	7
1042	1
1043	1
1044	5
1045	19
1046	1
1047	29
1048	3
1049	54
1050	1
1051	53
1052	3
1053	12
1054	15
1055	11
1056	13
1057	13
1058	12
1059	47
1060	1
1061	18
1062	17
1063	27
1064	17
1065	11
1066	1
1067	3
1068	5
1069	45
1070	7
1071	122
1072	10
1073	2
1074	4
1075	1
1076	11
1077	13
1078	25
1079	3
1080	52
1081	23
1082	8
1083	3
1084	12
1085	7
1086	20
1087	45
1088	6
1089	60
1090	7
1091	44
1092	2
1093	19
1094	45
1095	10
1096	5
1097	11
1098	25
1099	8
1100	2
1101	1
1102	7
1103	6
1104	11
1105	7
1106	28
1107	21
1108	60
1109	27
1110	38
1111	21
1112	2
1113	9
1114	30
1115	7
1116	3
1117	22
1118	25
1119	1
1120	4
1121	2
1122	13
1123	7
1124	14
1125	15
1126	10
1127	20
1128	4
1129	22
1130	15
1131	17
1132	8
1133	9
1134	57
1135	15
1136	1
1137	51
1138	4
1139	57
1140	18
1141	40
1142	45
1143	16
1144	35
1145	11
1146	45
1147	24
1148	9
1149	10
1150	26
1151	33
1152	10
1153	26
1154	9
1155	2
1156	23
1157	43
1158	1
1159	21
1160	1
1161	6
1162	3
1163	23
1164	6
1165	26
1166	28
1167	4
1168	8
1169	5
1170	11
1171	9
1172	17
1173	11
1174	71
1175	2
1176	13
1177	3
1178	9
1179	17
1180	6
1181	29
1182	3
1183	16
1184	16
1185	1
1186	2
1187	15
1188	1
1189	26
1190	5
1191	7
1192	15
1193	25
1194	4
1195	16
1196	7
1197	1
1198	14
1199	12
1200	14
1201	15
1202	73
1203	4
1204	48
1205	3
1206	7
1207	14
1208	28
1209	6
1210	8
1211	5
1212	9
1213	29
1214	13
1215	1
1216	11
1217	2
1218	12
1219	5
1220	1
1221	1
1222	3
1223	22
1224	19
1225	3
1226	35
1227	12
1228	8
1229	7
1230	19
1231	10
1232	5
1233	50
1234	12
1235	9
1236	3
1237	13
1238	17
1239	15
1240	30
1241	14
1242	22
1243	28
1244	2
1245	41
1246	37
1247	7
1248	5
1249	6
1250	13
1251	13
1252	32
1253	19
1254	14
1255	2
1256	13
1257	26
1258	42
1259	73
1260	11
1261	35
1262	23
1263	9
1264	15
1265	31
1266	6
1267	10
1268	45
1269	9
1270	5
1271	14
1272	18
1273	44
1274	51
1275	23
1276	2
1277	3
1278	9
1279	23
1280	31
1281	11
1282	91
1283	4
1284	13
1285	9
1286	5
1287	12
1288	15
1289	22
1290	5
1291	4
1292	4
1293	3
1294	22
1295	12
1296	7
1297	8
1298	1
1299	16
1300	7
1301	9
1302	14
1303	1
1304	14
1305	1
1306	1
1307	2
1308	14
1309	11
1310	12
1311	18
1312	15
1313	13
1314	31
1315	13
1316	2
1317	10
1318	30
1319	49
1320	26
1321	8
1322	2
1323	2
1324	39
1325	39
1326	10
1327	6
1328	18
1329	4
1330	28
1331	21
1332	6
1333	14
1334	14
1335	9
1336	1
1337	3
1338	9
1339	2
1340	18
1341	5
1342	1
1343	18
1344	6
1345	9
1346	22
1347	7
1348	20
1349	6
1350	19
1351	43
1352	8
1353	56
1354	2
1355	23
1356	1
1357	6
1358	13
1359	27
1360	17
1361	5
1362	12
1363	2
1364	33
1365	21
1366	3
1367	3
1368	24
1369	94
1370	40
1371	11
1372	88
1373	1
1374	2
1375	1
1376	42
1377	43
1378	6
1379	6
1380	3
1381	65
1382	12
1383	1
1384	40
1385	19
1386	38
1387	3
1388	11
1389	27
1390	36
1391	20
1392	12
1393	4
1394	3
1395	8
1396	8
1397	4
1398	30
1399	22
1400	29
1401	3
1402	2
1403	25
1404	6
1405	3
1406	44
1407	8
1408	21
1409	2
1410	6
1411	13
1412	14
1413	26
1414	12
1415	33
1416	8
1417	6
1418	27
1419	3
1420	18
1421	7
1422	12
1423	91
1424	12
1425	27
1426	33
1427	5
1428	42
1429	9
1430	1
1431	25
1432	7
1433	13
1434	7
1435	11
1436	41
1437	10
1438	48
1439	1
1440	2
1441	9
1442	88
1443	2
1444	23
1445	13
1446	26
1447	24
1448	25
1449	1
1450	7
1451	3
1452	12
1453	4
1454	16
1455	2
1456	30
1457	1
1458	26
1459	14
1460	12
1461	2
1462	7
1463	17
1464	17
1465	2
1466	8
1467	14
1468	2
1469	2
1470	4
1471	16
1472	6
1473	5
1474	17
1475	13
1476	2
1477	2
1478	8
1479	20
1480	45
1481	14
1482	15
1483	20
1484	3
1485	2
1486	16
1487	6
1488	16
1489	36
1490	32
1491	6
1492	5
1493	27
1494	7
1495	12
1496	47
1497	3
1498	3
1499	35
1500	7
1501	6
1502	20
1503	2
1504	21
1505	10
1506	10
1507	20
1508	14
1509	13
1510	11
1511	7
1512	1
1513	9
1514	12
1515	15
1516	8
1517	5
1518	15
1519	29
1520	70
1521	11
1522	10
1523	33
1524	3
1525	16
1526	15
1527	57
1528	42
1529	21
1530	9
1531	13
1532	1
1533	12
1534	22
1535	1
1536	66
1537	27
1538	5
1539	17
1540	8
1541	4
1542	14
1543	21
1544	24
1545	6
1546	4
1547	14
1548	1
1549	15
1550	1
1551	5
1552	5
1553	20
1554	33
1555	16
1556	4
1557	59
1558	18
1559	1
1560	6
1561	15
1562	6
1563	17
1564	37
1565	17
1566	7
1567	3
1568	39
1569	5
1570	18
1571	7
1572	3
1573	8
1574	5
1575	20
1576	10
1577	24
1578	37
1579	1
1580	34
1581	13
1582	6
1583	4
1584	29
1585	18
1586	5
1587	19
1588	41
1589	63
1590	17
1591	9
1592	2
1593	29
1594	11
1595	38
1596	9
1597	12
1598	29
1599	2
1600	6
1601	7
1602	14
1603	7
1604	18
1605	2
1606	29
1607	7
1608	7
1609	3
1610	3
1611	6
1612	9
1613	7
1614	40
1615	3
1616	3
1617	19
1618	2
1619	39
1620	1
1621	4
1622	26
1623	13
1624	5
1625	33
1626	14
1627	16
1628	9
1629	9
1630	11
1631	46
1632	1
1633	2
1634	4
1635	1
1636	40
1637	1
1638	8
1639	30
1640	5
1641	53
1642	14
1643	4
1644	14
1645	7
1646	9
1647	26
1648	41
1649	32
1650	18
1651	34
1652	21
1653	20
1654	13
1655	13
1656	3
1657	4
1658	26
1659	39
1660	1
1661	35
1662	42
1663	12
1664	3
1665	14
1666	43
1667	31
1668	11
1669	1
1670	20
1671	2
1672	12
1673	3
1674	3
1675	11
1676	16
1677	14
1678	10
1679	33
1680	15
1681	1
1682	12
1683	14
1684	33
1685	15
1686	27
1687	4
1688	1
1689	5
1690	11
1691	6
1692	1
1693	8
1694	18
1695	1
1696	16
1697	11
1698	13
1699	1
1700	3
1701	5
1702	7
1703	30
1704	6
1705	47
1706	41
1707	2
1708	4
1709	8
1710	10
1711	4
1712	19
1713	13
1714	15
1715	11
1716	30
1717	25
1718	31
1719	1
1720	5
1721	14
1722	12
1723	40
1724	3
1725	6
1726	2
1727	11
1728	7
1729	9
1730	5
1731	4
1732	11
1733	7
1734	4
1735	6
1736	3
1737	3
1738	3
1739	17
1740	10
1741	4
1742	2
1743	10
1744	12
1745	9
1746	13
1747	7
1748	2
1749	15
1750	4
1751	31
1752	6
1753	74
1754	35
1755	29
1756	1
1757	9
1758	38
1759	3
1760	32
1761	7
1762	1
1763	3
1764	7
1765	18
1766	19
1767	1
1768	5
1769	6
1770	9
1771	8
1772	5
1773	16
1774	38
1775	7
1776	9
1777	14
1778	51
1779	24
1780	2
1781	22
1782	21
1783	7
1784	17
1785	11
1786	18
1787	4
1788	7
1789	27
1790	8
1791	4
1792	2
1793	28
1794	3
1795	10
1796	27
1797	14
1798	23
1799	15
1800	6
1801	6
1802	8
1803	13
1804	36
1805	20
1806	29
1807	21
1808	4
1809	10
1810	12
1811	11
1812	1
1813	12
1814	8
1815	8
1816	21
1817	6
1818	17
1819	10
1820	16
1821	1
1822	5
1823	1
1824	14
1825	32
1826	7
1827	19
1828	9
1829	29
1830	22
1831	10
1832	4
1833	9
1834	1
1835	1
1836	4
1837	8
1838	30
1839	6
1840	18
1841	3
1842	23
1843	6
1844	29
1845	48
1846	20
1847	19
1848	7
1849	6
1850	14
1851	13
1852	9
1853	46
1854	12
1855	15
1856	95
1857	13
1858	7
1859	5
1860	3
1861	2
1862	1
1863	14
1864	5
1865	11
1866	19
1867	4
1868	75
1869	25
1870	12
1871	18
1872	1
1873	4
1874	6
1875	42
1876	28
1877	3
1878	36
1879	4
1880	6
1881	15
1882	3
1883	25
1884	6
1885	17
1886	7
1887	1
1888	25
1889	9
1890	25
1891	62
1892	9
1893	1
1894	20
1895	25
1896	20
1897	2
1898	40
1899	6
1900	10
1901	13
1902	4
1903	5
1904	2
1905	29
1906	43
1907	25
1908	50
1909	19
1910	2
1911	7
1912	22
1913	6
1914	52
1915	5
1916	1
1917	20
1918	24
1919	27
1920	1
1921	28
1922	18
1923	28
1924	22
1925	73
1926	4
1927	3
1928	15
1929	8
1930	10
1931	7
1932	81
1933	4
1934	11
1935	14
1936	48
1937	4
1938	7
1939	2
1940	22
1941	18
1942	2
1943	40
1944	13
1945	9
1946	30
1947	2
1948	19
1949	5
1950	21
1951	79
1952	26
1953	51
1954	13
1955	25
1956	5
1957	46
1958	4
1959	5
1960	3
1961	4
1962	9
1963	11
1964	4
1965	4
1966	24
1967	12
1968	9
1969	20
1970	31
1971	7
1972	30
1973	11
1974	1
1975	3
1976	2
1977	11
1978	6
1979	2
1980	27
1981	2
1982	10
1983	12
1984	37
1985	18
1986	15
1987	54
1988	16
1989	9
1990	21
1991	7
1992	14
1993	6
1994	8
1995	7
1996	27
1997	7
1998	4
1999	8
2000	5
2001	15
2002	20
2003	42
2004	28
2005	2
2006	14
2007	4
2008	21
2009	1
2010	1
2011	14
2012	11
2013	1
2014	1
2015	24
2016	1
2017	1
2018	2
2019	10
2020	2
2021	14
2022	21
2023	13
2024	3
2025	6
2026	7
2027	14
2028	14
2029	14
2030	43
2031	20
2032	4
2033	7
2034	3
2035	6
2036	1
2037	9
2038	1
2039	32
2040	44
2041	2
2042	7
2043	7
2044	4
2045	51
2046	7
2047	32
2048	38
2049	1
2050	28
2051	10
2052	18
2053	13
2054	5
2055	25
2056	29
2057	17
2058	1
2059	17
2060	1
2061	19
2062	32
2063	19
2064	59
2065	2
2066	12
2067	49
2068	9
2069	7
2070	14
2071	12
2072	3
2073	72
2074	2
2075	35
2076	23
2077	17
2078	2
2079	109
2080	5
2081	20
2082	4
2083	5
2084	7
2085	7
2086	9
2087	6
2088	3
2089	11
2090	10
2091	5
2092	14
2093	14
2094	33
2095	4
2096	24
2097	17
2098	7
2099	1
2100	10
2101	18
2102	6
2103	29
2104	8
2105	10
2106	18
2107	25
2108	36
2109	8
2110	3
2111	4
2112	13
2113	23
2114	5
2115	23
2116	51
2117	1
2118	9
2119	40
2120	16
2121	5
2122	14
2123	3
2124	11
2125	21
2126	18
2127	13
2128	38
2129	5
2130	2
2131	34
2132	4
2133	12
2134	30
2135	6
2136	1
2137	13
2138	7
2139	26
2140	56
2141	19
2142	11
2143	9
2144	12
2145	17
2146	37
2147	16
2148	18
2149	8
2150	8
2151	5
2152	9
2153	11
2154	13
2155	18
2156	2
2157	23
2158	7
2159	2
2160	35
2161	7
2162	1
2163	23
2164	2
2165	9
2166	7
2167	1
2168	21
2169	11
2170	1
2171	3
2172	23
2173	37
2174	3
2175	15
2176	7
2177	5
2178	35
2179	12
2180	10
2181	13
2182	11
2183	33
2184	44
2185	3
2186	16
2187	5
2188	16
2189	7
2190	4
2191	17
2192	3
2193	35
2194	16
2195	3
2196	29
2197	37
2198	35
2199	17
2200	14
2201	11
2202	24
2203	15
2204	21
2205	17
2206	1
2207	3
2208	6
2209	5
2210	13
2211	21
2212	1
2213	5
2214	9
2215	4
2216	41
2217	41
2218	8
2219	10
2220	4
2221	19
2222	15
2223	33
2224	3
2225	1
2226	12
2227	4
2228	3
2229	17
2230	41
2231	7
2232	25
2233	36
2234	6
2235	3
2236	3
2237	7
2238	5
2239	18
2240	4
2241	20
2242	2
2243	21
2244	44
2245	1
2246	9
2247	21
2248	8
2249	5
2250	26
2251	23
2252	28
2253	1
2254	21
2255	14
2256	17
2257	5
2258	15
2259	4
2260	10
2261	36
2262	2
2263	8
2264	9
2265	55
2266	12
2267	2
2268	2
2269	6
2270	18
2271	23
2272	35
2273	30
2274	4
2275	23
2276	51
2277	7
2278	21
2279	15
2280	1
2281	8
2282	9
2283	51
2284	5
2285	11
2286	24
2287	9
2288	26
2289	34
2290	12
2291	6
2292	18
2293	4
2294	66
2295	4
2296	7
2297	28
2298	12
2299	2
2300	11
2301	5
2302	8
2303	1
2304	20
2305	13
2306	1
2307	5
2308	2
2309	19
2310	10
2311	27
2312	30
2313	12
2314	15
2315	3
2316	66
2317	29
2318	24
2319	22
2320	15
2321	12
2322	8
2323	1
2324	6
2325	25
2326	23
2327	1
2328	26
2329	20
2330	12
2331	37
2332	49
2333	21
2334	1
2335	35
2336	30
2337	1
2338	15
2339	17
2340	2
2341	18
2342	7
2343	18
2344	2
2345	12
2346	14
2347	10
2348	9
2349	2
2350	9
2351	4
2352	39
2353	1
2354	13
2355	7
2356	1
2357	31
2358	13
2359	65
2360	14
2361	1
2362	14
2363	28
2364	58
2365	28
2366	8
2367	63
2368	12
2369	5
2370	10
2371	15
2372	8
2373	1
2374	11
2375	13
2376	10
2377	3
2378	9
2379	3
2380	3
2381	9
2382	10
2383	1
2384	14
2385	5
2386	48
2387	5
2388	3
2389	39
2390	19
2391	4
2392	1
2393	54
2394	45
2395	6
2396	5
2397	23
2398	2
2399	3
2400	2
2401	16
2402	57
2403	42
2404	17
2405	19
2406	28
2407	13
2408	8
2409	9
2410	3
2411	2
2412	70
2413	27
2414	17
2415	28
2416	29
2417	5
2418	15
2419	16
2420	59
2421	65
2422	30
2423	2
2424	14
2425	3
2426	16
2427	8
2428	19
2429	13
2430	29
2431	5
2432	1
2433	33
2434	12
2435	30
2436	10
2437	30
2438	5
2439	30
2440	11
2441	13
2442	11
2443	23
2444	51
2445	18
2446	30
2447	8
2448	22
2449	17
2450	7
2451	9
2452	68
2453	24
2454	52
2455	17
2456	15
2457	36
2458	19
2459	14
2460	9
2461	1
2462	3
2463	5
2464	1
2465	15
2466	21
2467	17
2468	11
2469	4
2470	18
2471	12
2472	5
2473	12
2474	2
2475	47
2476	19
2477	40
2478	32
2479	6
2480	2
2481	5
2482	1
2483	12
2484	16
2485	17
2486	14
2487	49
2488	6
2489	9
2490	18
2491	18
2492	3
2493	3
2494	2
2495	33
2496	8
2497	12
2498	4
2499	35
2500	15
2501	9
2502	21
2503	11
2504	16
2505	24
2506	34
2507	11
2508	3
2509	26
2510	22
2511	12
2512	3
2513	35
2514	5
2515	24
2516	27
2517	13
2518	31
2519	20
2520	6
2521	3
2522	1
2523	70
2524	13
2525	17
2526	6
2527	12
2528	24
2529	24
2530	1
2531	5
2532	12
2533	12
2534	46
2535	42
2536	37
2537	5
2538	40
2539	55
2540	3
2541	7
2542	6
2543	11
2544	41
2545	17
2546	7
2547	14
2548	40
2549	5
2550	2
2551	29
2552	11
2553	13
2554	16
2555	4
2556	4
2557	2
2558	8
2559	9
2560	2
2561	51
2562	23
2563	17
2564	22
2565	25
2566	21
2567	35
2568	16
2569	32
2570	5
2571	15
2572	2
2573	45
2574	4
2575	13
2576	21
2577	7
2578	34
2579	35
2580	56
2581	64
2582	1
2583	2
2584	23
2585	8
2586	2
2587	11
2588	8
2589	45
2590	2
2591	5
2592	1
2593	3
2594	4
2595	2
2596	28
2597	17
2598	13
2599	8
2600	2
2601	31
2602	3
2603	1
2604	17
2605	21
2606	29
2607	12
2608	8
2609	16
2610	1
2611	78
2612	24
2613	1
2614	1
2615	12
2616	4
2617	25
2618	8
2619	2
2620	21
2621	1
2622	30
2623	10
2624	20
2625	4
2626	5
2627	8
2628	19
2629	6
2630	5
2631	7
2632	8
2633	4
2634	4
2635	26
2636	6
2637	38
2638	26
2639	6
2640	1
2641	19
2642	47
2643	7
2644	3
2645	14
2646	6
2647	19
2648	9
2649	8
2650	4
2651	9
2652	16
2653	10
2654	4
2655	12
2656	15
2657	9
2658	25
2659	7
2660	23
2661	2
2662	5
2663	6
2664	38
2665	9
2666	39
2667	8
2668	10
2669	14
2670	2
2671	4
2672	9
2673	10
2674	2
2675	21
2676	14
2677	27
2678	7
2679	8
2680	56
2681	17
2682	24
2683	14
2684	17
2685	14
2686	9
2687	6
2688	17
2689	10
2690	12
2691	23
2692	42
2693	8
2694	7
2695	28
2696	2
2697	27
2698	15
2699	14
2700	8
2701	9
2702	6
2703	47
2704	3
2705	37
2706	8
2707	3
2708	15
2709	18
2710	2
2711	25
2712	3
2713	12
2714	9
2715	23
2716	5
2717	2
2718	4
2719	2
2720	3
2721	3
2722	12
2723	35
2724	5
2725	22
2726	11
2727	51
2728	26
2729	15
2730	16
2731	4
2732	13
2733	17
2734	6
2735	16
2736	70
2737	8
2738	26
2739	4
2740	36
2741	5
2742	8
2743	32
2744	5
2745	7
2746	3
2747	28
2748	3
2749	2
2750	3
2751	61
2752	16
2753	8
2754	26
2755	25
2756	7
2757	2
2758	46
2759	19
2760	14
2761	3
2762	17
2763	23
2764	10
2765	1
2766	3
2767	1
2768	12
2769	21
2770	33
2771	1
2772	2
2773	56
2774	12
2775	4
2776	37
2777	20
2778	15
2779	12
2780	8
2781	21
2782	3
2783	5
2784	13
2785	8
2786	12
2787	12
2788	4
2789	21
2790	28
2791	17
2792	36
2793	23
2794	23
2795	3
2796	25
2797	1
2798	4
2799	12
2800	40
2801	4
2802	9
2803	39
2804	26
2805	18
2806	2
2807	47
2808	2
2809	4
2810	8
2811	35
2812	33
2813	4
2814	34
2815	6
2816	13
2817	33
2818	10
2819	13
2820	12
2821	33
2822	6
2823	17
2824	2
2825	4
2826	4
2827	12
2828	2
2829	42
2830	5
2831	10
2832	12
2833	18
2834	4
2835	4
2836	1
2837	10
2838	45
2839	14
2840	2
2841	9
2842	20
2843	29
2844	37
2845	3
2846	2
2847	21
2848	3
2849	11
2850	30
2851	14
2852	16
2853	23
2854	1
2855	13
2856	40
2857	3
2858	7
2859	14
2860	22
2861	8
2862	4
2863	15
2864	29
2865	12
2866	3
2867	15
2868	1
2869	16
2870	2
2871	36
2872	3
2873	7
2874	27
2875	2
2876	17
2877	7
2878	32
2879	9
2880	2
2881	26
2882	35
2883	5
2884	11
2885	12
2886	43
2887	13
2888	3
2889	29
2890	43
2891	37
2892	6
2893	8
2894	27
2895	19
2896	3
2897	3
2898	20
2899	14
2900	14
2901	1
2902	14
2903	3
2904	16
2905	21
2906	8
2907	18
2908	13
2909	18
2910	9
2911	46
2912	2
2913	22
2914	6
2915	6
2916	3
2917	31
2918	4
2919	3
2920	5
2921	36
2922	75
2923	8
2924	9
2925	55
2926	7
2927	33
2928	26
2929	3
2930	17
2931	33
2932	2
2933	35
2934	41
2935	1
2936	1
2937	15
2938	1
2939	31
2940	17
2941	14
2942	6
2943	5
2944	14
2945	2
2946	3
2947	17
2948	7
2949	9
2950	27
2951	2
2952	11
2953	19
2954	5
2955	3
2956	5
2957	42
2958	5
2959	25
2960	13
2961	1
2962	65
2963	28
2964	46
2965	21
2966	3
2967	5
2968	40
2969	17
2970	4
2971	3
2972	1
2973	24
2974	7
2975	16
2976	1
2977	54
2978	5
2979	61
2980	21
2981	38
2982	4
2983	2
2984	5
2985	7
2986	9
2987	3
2988	2
2989	1
2990	15
2991	10
2992	1
2993	19
2994	11
2995	5
2996	2
2997	11
2998	6
2999	11
3000	2
3001	24
3002	12
3003	27
3004	4
3005	56
3006	8
3007	13
3008	9
3009	9
3010	3
3011	2
3012	1
3013	20
3014	21
3015	3
3016	3
3017	59
3018	12
3019	6
3020	23
3021	8
3022	8
3023	12
3024	6
3025	11
3026	5
3027	1
3028	5
3029	7
3030	6
3031	3
3032	37
3033	10
3034	1
3035	12
3036	17
3037	1
3038	11
3039	3
3040	1
3041	3
3042	68
3043	1
3044	6
3045	48
3046	7
3047	4
3048	24
3049	3
3050	27
3051	4
3052	25
3053	13
3054	26
3055	9
3056	10
3057	9
3058	11
3059	17
3060	15
3061	8
3062	1
3063	20
3064	14
3065	5
3066	28
3067	6
3068	36
3069	9
3070	11
3071	12
3072	12
3073	31
3074	6
3075	35
3076	1
3077	6
3078	40
3079	10
3080	3
3081	30
3082	5
3083	8
3084	27
3085	4
3086	4
3087	30
3088	11
3089	5
3090	20
3091	1
3092	4
3093	13
3094	25
3095	35
3096	20
3097	3
3098	40
3099	58
3100	8
3101	5
3102	7
3103	12
3104	6
3105	18
3106	19
3107	11
3108	8
3109	24
3110	10
3111	103
3112	14
3113	49
3114	20
3115	26
3116	46
3117	2
3118	20
3119	1
3120	3
3121	32
3122	21
3123	14
3124	12
3125	12
3126	16
3127	5
3128	17
3129	33
3130	9
3131	2
3132	16
3133	1
3134	20
3135	13
3136	19
3137	1
3138	6
3139	16
3140	7
3141	28
3142	9
3143	10
3144	5
3145	1
3146	3
3147	3
3148	5
3149	7
3150	6
3151	8
3152	6
3153	56
3154	10
3155	36
3156	3
3157	52
3158	20
3159	21
3160	7
3161	18
3162	20
3163	18
3164	5
3165	51
3166	6
3167	3
3168	46
3169	3
3170	32
3171	107
3172	18
3173	2
3174	5
3175	34
3176	14
3177	5
3178	48
3179	6
3180	21
3181	6
3182	22
3183	31
3184	3
3185	15
3186	27
3187	12
3188	25
3189	5
3190	50
3191	71
3192	4
3193	2
3194	2
3195	12
3196	1
3197	11
3198	1
3199	5
3200	1
3201	17
3202	7
3203	3
3204	12
3205	1
3206	13
3207	2
3208	29
3209	16
3210	6
3211	32
3212	10
3213	12
3214	27
3215	7
3216	25
3217	13
3218	6
3219	18
3220	9
3221	1
3222	5
3223	33
3224	1
3225	9
3226	7
3227	11
3228	19
3229	24
3230	12
3231	5
3232	3
3233	16
3234	67
3235	1
3236	39
3237	2
3238	13
3239	30
3240	8
3241	10
3242	15
3243	36
3244	29
3245	24
3246	17
3247	25
3248	17
3249	9
3250	6
3251	5
3252	47
3253	15
3254	20
3255	7
3256	18
3257	15
3258	1
3259	19
3260	12
3261	3
3262	13
3263	27
3264	3
3265	9
3266	8
3267	10
3268	5
3269	56
3270	11
3271	12
3272	9
3273	9
3274	23
3275	15
3276	2
3277	23
3278	14
3279	11
3280	26
3281	14
3282	19
3283	22
3284	5
3285	44
3286	38
3287	6
3288	3
3289	1
3290	10
3291	7
3292	16
3293	24
3294	7
3295	10
3296	30
3297	12
3298	1
3299	28
3300	2
3301	9
3302	2
3303	23
3304	36
3305	17
3306	8
3307	10
3308	1
3309	20
3310	13
3311	1
3312	20
3313	6
3314	21
3315	4
3316	5
3317	21
3318	15
3319	33
3320	10
3321	6
3322	98
3323	12
3324	9
3325	9
3326	8
3327	4
3328	14
3329	5
3330	12
3331	1
3332	3
3333	3
3334	13
3335	2
3336	1
3337	12
3338	18
3339	38
3340	5
3341	1
3342	27
3343	2
3344	11
3345	1
3346	69
3347	2
3348	26
3349	27
3350	17
3351	1
3352	20
3353	4
3354	1
3355	7
3356	13
3357	41
3358	55
3359	22
3360	33
3361	28
3362	10
3363	7
3364	38
3365	15
3366	10
3367	2
3368	2
3369	4
3370	3
3371	42
3372	28
3373	48
3374	22
3375	16
3376	13
3377	51
3378	3
3379	45
3380	5
3381	39
3382	24
3383	8
3384	5
3385	42
3386	35
3387	1
3388	18
3389	12
3390	41
3391	3
3392	1
3393	13
3394	12
3395	11
3396	10
3397	36
3398	6
3399	49
3400	6
3401	14
3402	21
3403	5
3404	56
3405	16
3406	14
3407	52
3408	4
3409	2
3410	9
3411	32
3412	8
3413	3
3414	16
3415	13
3416	55
3417	28
3418	1
3419	1
3420	20
3421	17
3422	26
3423	19
3424	4
3425	10
3426	6
3427	11
3428	13
3429	17
3430	13
3431	5
3432	5
3433	16
3434	1
3435	11
3436	10
3437	23
3438	42
3439	34
3440	8
3441	7
3442	33
3443	16
3444	2
3445	55
3446	31
3447	7
3448	2
3449	10
3450	8
3451	3
3452	2
3453	3
3454	18
3455	9
3456	33
3457	17
3458	23
3459	6
3460	2
3461	13
3462	14
3463	32
3464	11
3465	1
3466	33
3467	20
3468	13
3469	27
3470	43
3471	13
3472	102
3473	12
3474	70
3475	6
3476	12
3477	15
3478	5
3479	43
3480	17
3481	28
3482	21
3483	6
3484	10
3485	30
3486	21
3487	10
3488	4
3489	23
3490	15
3491	22
3492	1
3493	31
3494	36
3495	11
3496	40
3497	9
3498	25
3499	2
3500	21
3501	5
3502	16
3503	33
3504	9
3505	9
3506	26
3507	36
3508	4
3509	85
3510	13
3511	28
3512	1
3513	3
3514	67
3515	17
3516	38
3517	47
3518	6
3519	1
3520	4
3521	29
3522	10
3523	10
3524	15
3525	1
3526	37
3527	6
3528	1
3529	86
3530	10
3531	33
3532	4
3533	32
3534	13
3535	64
3536	13
3537	5
3538	21
3539	15
3540	34
3541	24
3542	7
3543	32
3544	51
3545	21
3546	2
3547	4
3548	11
3549	4
3550	14
3551	6
3552	3
3553	10
3554	7
3555	32
3556	13
3557	8
3558	23
3559	5
3560	2
3561	10
3562	8
3563	1
3564	9
3565	23
3566	11
3567	14
3568	17
3569	5
3570	11
3571	32
3572	22
3573	12
3574	28
3575	18
3576	5
3577	34
3578	2
3579	9
3580	10
3581	14
3582	11
3583	10
3584	4
3585	2
3586	13
3587	13
3588	19
3589	33
3590	10
3591	1
3592	33
3593	9
3594	3
3595	6
3596	22
3597	20
3598	10
3599	10
3600	4
3601	3
3602	16
3603	9
3604	48
3605	1
3606	17
3607	6
3608	9
3609	8
3610	1
3611	11
3612	35
3613	5
3614	14
3615	12
3616	28
3617	80
3618	23
3619	11
3620	17
3621	7
3622	2
3623	30
3624	20
3625	38
3626	1
3627	4
3628	10
3629	7
3630	23
3631	27
3632	37
3633	9
3634	49
3635	7
3636	5
3637	24
3638	1
3639	15
3640	5
3641	13
3642	18
3643	4
3644	52
3645	2
3646	19
3647	5
3648	6
3649	23
3650	2
3651	17
3652	11
3653	5
3654	29
3655	17
3656	6
3657	19
3658	2
3659	16
3660	9
3661	2
3662	1
3663	4
3664	6
3665	12
3666	8
3667	4
3668	1
3669	122
3670	48
3671	29
3672	10
3673	9
3674	30
3675	4
3676	1
3677	16
3678	4
3679	18
3680	12
3681	28
3682	8
3683	5
3684	12
3685	1
3686	65
3687	12
3688	13
3689	19
3690	69
3691	14
3692	64
3693	37
3694	8
3695	2
3696	19
3697	11
3698	17
3699	16
3700	36
3701	9
3702	38
3703	19
3704	28
3705	37
3706	12
3707	10
3708	34
3709	37
3710	2
3711	8
3712	1
3713	5
3714	32
3715	20
3716	4
3717	21
3718	13
3719	11
3720	8
3721	11
3722	25
3723	2
3724	68
3725	17
3726	9
3727	10
3728	14
3729	27
3730	11
3731	10
3732	15
3733	44
3734	5
3735	8
3736	15
3737	38
3738	2
3739	14
3740	8
3741	33
3742	2
3743	41
3744	32
3745	43
3746	2
3747	11
3748	12
3749	10
3750	29
3751	4
3752	15
3753	1
3754	1
3755	4
3756	5
3757	6
3758	24
3759	37
3760	23
3761	34
3762	10
3763	10
3764	7
3765	23
3766	18
3767	10
3768	15
3769	5
3770	44
3771	16
3772	6
3773	5
3774	1
3775	11
3776	27
3777	23
3778	4
3779	6
3780	2
3781	2
3782	6
3783	1
3784	51
3785	38
3786	13
3787	11
3788	2
3789	12
3790	26
3791	7
3792	1
3793	29
3794	29
3795	12
3796	10
3797	2
3798	15
3799	1
3800	55
3801	13
3802	2
3803	13
3804	38
3805	10
3806	27
3807	3
3808	11
3809	5
3810	6
3811	17
3812	20
3813	43
3814	44
3815	10
3816	46
3817	25
3818	43
3819	11
3820	27
3821	28
3822	3
3823	22
3824	35
3825	36
3826	5
3827	6
3828	26
3829	67
3830	18
3831	2
3832	24
3833	10
3834	7
3835	10
3836	7
3837	68
3838	12
3839	8
3840	34
3841	6
3842	4
3843	37
3844	5
3845	7
3846	26
3847	10
3848	1
3849	13
3850	8
3851	45
3852	15
3853	57
3854	9
3855	35
3856	1
3857	2
3858	4
3859	33
3860	7
3861	23
3862	18
3863	17
3864	3
3865	7
3866	13
3867	24
3868	8
3869	2
3870	1
3871	4
3872	9
3873	26
3874	9
3875	5
3876	8
3877	28
3878	3
3879	4
3880	2
3881	31
3882	24
3883	13
3884	15
3885	7
3886	5
3887	3
3888	2
3889	8
3890	30
3891	3
3892	45
3893	3
3894	51
3895	56
3896	16
3897	19
3898	29
3899	25
3900	40
3901	1
3902	20
3903	11
3904	29
3905	14
3906	52
3907	28
3908	4
3909	70
3910	39
3911	4
3912	27
3913	10
3914	1
3915	5
3916	50
3917	31
3918	25
3919	2
3920	17
3921	7
3922	2
3923	27
3924	6
3925	3
3926	40
3927	67
3928	20
3929	7
3930	34
3931	46
3932	3
3933	24
3934	11
3935	7
3936	11
3937	19
3938	41
3939	16
3940	5
3941	31
3942	27
3943	31
3944	6
3945	5
3946	9
3947	16
3948	26
3949	2
3950	12
3951	1
3952	8
3953	26
3954	3
3955	9
3956	16
3957	2
3958	81
3959	6
3960	10
3961	10
3962	14
3963	31
3964	2
3965	4
3966	13
3967	12
3968	1
3969	13
3970	11
3971	11
3972	71
3973	25
3974	2
3975	8
3976	50
3977	24
3978	3
3979	7
3980	15
3981	13
3982	9
3983	9
3984	12
3985	16
3986	22
3987	23
3988	10
3989	23
3990	2
3991	22
3992	72
3993	41
3994	34
3995	8
3996	32
3997	17
3998	12
3999	7
4000	6
4001	19
4002	21
4003	15
4004	11
4005	13
4006	4
4007	3
4008	2
4009	25
4010	26
4011	31
4012	1
4013	2
4014	3
4015	29
4016	73
4017	20
4018	15
4019	35
4020	15
4021	50
4022	15
4023	9
4024	19
4025	30
4026	4
4027	46
4028	3
4029	31
4030	26
4031	6
4032	16
4033	3
4034	84
4035	4
4036	33
4037	8
4038	3
4039	33
4040	10
4041	13
4042	8
4043	6
4044	22
4045	1
4046	26
4047	1
4048	49
4049	35
4050	6
4051	3
4052	3
4053	8
4054	16
4055	20
4056	22
4057	36
4058	4
4059	17
4060	16
4061	42
4062	2
4063	18
4064	22
4065	4
4066	3
4067	7
4068	3
4069	4
4070	21
4071	17
4072	23
4073	2
4074	10
4075	1
4076	26
4077	10
4078	8
4079	17
4080	5
4081	27
4082	12
4083	1
4084	15
4085	40
4086	55
4087	13
4088	2
4089	18
4090	23
4091	11
4092	4
4093	18
4094	19
4095	9
4096	17
4097	9
4098	23
4099	53
4100	7
4101	12
4102	7
4103	5
4104	3
4105	3
4106	2
4107	44
4108	31
4109	33
4110	7
4111	1
4112	14
4113	28
4114	14
4115	8
4116	3
4117	28
4118	18
4119	43
4120	7
4121	8
4122	4
4123	8
4124	11
4125	23
4126	11
4127	24
4128	15
4129	17
4130	14
4131	27
4132	32
4133	3
4134	13
4135	33
4136	2
4137	19
4138	21
4139	22
4140	16
4141	16
4142	41
4143	17
4144	4
4145	1
4146	13
4147	23
4148	31
4149	4
4150	19
4151	2
4152	8
4153	7
4154	48
4155	3
4156	26
4157	13
4158	15
4159	12
4160	20
4161	9
4162	9
4163	34
4164	7
4165	35
4166	7
4167	27
4168	19
4169	40
4170	2
4171	53
4172	19
4173	5
4174	14
4175	12
4176	13
4177	16
4178	10
4179	2
4180	3
4181	21
4182	11
4183	42
4184	3
4185	17
4186	14
4187	44
4188	16
4189	2
4190	2
4191	27
4192	71
4193	24
4194	6
4195	28
4196	44
4197	8
4198	53
4199	28
4200	10
4201	1
4202	2
4203	16
4204	2
4205	5
4206	19
4207	33
4208	5
4209	11
4210	41
4211	16
4212	15
4213	8
4214	29
4215	5
4216	10
4217	8
4218	18
4219	15
4220	15
4221	8
4222	15
4223	1
4224	13
4225	44
4226	36
4227	15
4228	31
4229	18
4230	4
4231	22
4232	9
4233	40
4234	8
4235	17
4236	23
4237	5
4238	23
4239	8
4240	37
4241	8
4242	10
4243	34
4244	6
4245	30
4246	6
4247	6
4248	14
4249	36
4250	14
4251	38
4252	3
4253	1
4254	7
4255	12
4256	27
4257	5
4258	59
4259	1
4260	53
4261	1
4262	2
4263	13
4264	14
4265	4
4266	8
4267	34
4268	9
4269	4
4270	14
4271	49
4272	34
4273	12
4274	35
4275	2
4276	1
4277	4
4278	44
4279	47
4280	26
4281	2
4282	20
4283	12
4284	5
4285	14
4286	43
4287	5
4288	2
4289	8
4290	20
4291	23
4292	4
4293	5
4294	2
4295	5
4296	15
4297	1
4298	45
4299	36
4300	3
4301	11
4302	8
4303	7
4304	4
4305	14
4306	18
4307	24
4308	9
4309	2
4310	34
4311	35
4312	17
4313	16
4314	3
4315	16
4316	8
4317	1
4318	42
4319	10
4320	4
4321	9
4322	39
4323	2
4324	38
4325	37
4326	9
4327	11
4328	41
4329	80
4330	31
4331	51
4332	6
4333	13
4334	6
4335	36
4336	23
4337	11
4338	26
4339	8
4340	1
4341	67
4342	6
4343	19
4344	10
4345	8
4346	3
4347	3
4348	35
4349	12
4350	9
4351	8
4352	12
4353	4
4354	15
4355	1
4356	2
4357	1
4358	3
4359	8
4360	43
4361	27
4362	7
4363	18
4364	9
4365	18
4366	34
4367	12
4368	7
4369	12
4370	27
4371	13
4372	11
4373	22
4374	20
4375	6
4376	11
4377	14
4378	7
4379	16
4380	65
4381	20
4382	9
4383	11
4384	3
4385	46
4386	6
4387	4
4388	27
4389	2
4390	70
4391	13
4392	7
4393	3
4394	4
4395	20
4396	13
4397	8
4398	45
4399	2
4400	14
4401	16
4402	17
4403	7
4404	5
4405	11
4406	7
4407	27
4408	1
4409	14
4410	10
4411	5
4412	2
4413	60
4414	5
4415	38
4416	15
4417	5
4418	6
4419	2
4420	22
4421	5
4422	2
4423	41
4424	24
4425	45
4426	7
4427	9
4428	15
4429	7
4430	22
4431	2
4432	4
4433	3
4434	32
4435	11
4436	6
4437	3
4438	27
4439	4
4440	20
4441	21
4442	8
4443	16
4444	15
4445	35
4446	2
4447	11
4448	20
4449	21
4450	2
4451	15
4452	14
4453	6
4454	12
4455	6
4456	56
4457	4
4458	6
4459	8
4460	14
4461	2
4462	28
4463	35
4464	39
4465	10
4466	11
4467	24
4468	10
4469	2
4470	35
4471	8
4472	29
4473	4
4474	6
4475	10
4476	31
4477	13
4478	5
4479	7
4480	7
4481	6
4482	1
4483	73
4484	17
4485	2
4486	2
4487	15
4488	19
4489	4
4490	20
4491	1
4492	11
4493	33
4494	10
4495	22
4496	12
4497	3
4498	3
4499	17
4500	70
4501	24
4502	4
4503	10
4504	4
4505	6
4506	13
4507	32
4508	36
4509	3
4510	9
4511	10
4512	13
4513	117
4514	17
4515	13
4516	21
4517	17
4518	78
4519	1
4520	39
4521	1
4522	39
4523	12
4524	6
4525	52
4526	17
4527	16
4528	4
4529	7
4530	23
4531	1
4532	3
4533	21
4534	26
4535	15
4536	20
4537	4
4538	2
4539	24
4540	3
4541	6
4542	13
4543	1
4544	34
4545	13
4546	1
4547	3
4548	7
4549	8
4550	4
4551	4
4552	12
4553	8
4554	6
4555	1
4556	6
4557	8
4558	14
4559	7
4560	33
4561	12
4562	5
4563	72
4564	6
4565	14
4566	8
4567	21
4568	22
4569	44
4570	14
4571	36
4572	8
4573	14
4574	13
4575	7
4576	18
4577	4
4578	27
4579	14
4580	15
4581	3
4582	47
4583	5
4584	8
4585	29
4586	13
4587	8
4588	5
4589	10
4590	9
4591	35
4592	2
4593	25
4594	12
4595	11
4596	21
4597	3
4598	7
4599	28
4600	73
4601	16
4602	20
4603	12
4604	5
4605	26
4606	23
4607	13
4608	17
4609	8
4610	5
4611	2
4612	1
4613	14
4614	34
4615	2
4616	6
4617	5
4618	45
4619	1
4620	36
4621	1
4622	3
4623	5
4624	51
4625	49
4626	20
4627	15
4628	7
4629	1
4630	13
4631	11
4632	22
4633	10
4634	3
4635	22
4636	34
4637	18
4638	31
4639	8
4640	16
4641	5
4642	49
4643	19
4644	2
4645	9
4646	2
4647	59
4648	26
4649	1
4650	3
4651	1
4652	6
4653	6
4654	6
4655	24
4656	16
4657	18
4658	34
4659	10
4660	39
4661	8
4662	13
4663	12
4664	5
4665	30
4666	7
4667	6
4668	2
4669	2
4670	2
4671	26
4672	6
4673	31
4674	1
4675	64
4676	2
4677	8
4678	10
4679	4
4680	2
4681	4
4682	6
4683	7
4684	23
4685	15
4686	1
4687	12
4688	21
4689	8
4690	3
4691	2
4692	10
4693	4
4694	35
4695	4
4696	10
4697	10
4698	2
4699	11
4700	13
4701	10
4702	8
4703	40
4704	8
4705	5
4706	5
4707	37
4708	9
4709	2
4710	39
4711	4
4712	36
4713	42
4714	26
4715	18
4716	6
4717	4
4718	40
4719	1
4720	63
4721	1
4722	7
4723	30
4724	14
4725	3
4726	3
4727	1
4728	14
4729	29
4730	2
4731	11
4732	10
4733	2
4734	16
4735	30
4736	27
4737	1
4738	22
4739	65
4740	6
4741	19
4742	1
4743	1
4744	12
4745	12
4746	43
4747	4
4748	3
4749	3
4750	11
4751	5
4752	55
4753	58
4754	13
4755	4
4756	29
4757	17
4758	13
4759	29
4760	4
4761	41
4762	12
4763	6
4764	7
4765	17
4766	2
4767	28
4768	6
4769	4
4770	12
4771	7
4772	17
4773	28
4774	5
4775	8
4776	8
4777	21
4778	7
4779	14
4780	22
4781	10
4782	10
4783	12
4784	15
4785	8
4786	11
4787	3
4788	23
4789	8
4790	14
4791	5
4792	10
4793	26
4794	21
4795	10
4796	18
4797	2
4798	18
4799	4
4800	1
4801	3
4802	17
4803	2
4804	1
4805	22
4806	17
4807	20
4808	8
4809	2
4810	15
4811	54
4812	42
4813	13
4814	64
4815	2
4816	14
4817	13
4818	6
4819	7
4820	8
4821	12
4822	4
4823	1
4824	2
4825	51
4826	7
4827	44
4828	6
4829	3
4830	18
4831	2
4832	10
4833	41
4834	2
4835	38
4836	34
4837	12
4838	25
4839	3
4840	8
4841	1
4842	3
4843	20
4844	4
4845	7
4846	13
4847	13
4848	4
4849	11
4850	8
4851	5
4852	20
4853	2
4854	5
4855	49
4856	1
4857	17
4858	7
4859	41
4860	11
4861	5
4862	1
4863	15
4864	7
4865	12
4866	3
4867	40
4868	5
4869	3
4870	12
4871	10
4872	29
4873	4
4874	6
4875	9
4876	36
4877	8
4878	19
4879	5
4880	4
4881	12
4882	16
4883	18
4884	8
4885	43
4886	15
4887	6
4888	27
4889	14
4890	28
4891	2
4892	22
4893	6
4894	28
4895	8
4896	76
4897	5
4898	14
4899	5
4900	9
4901	27
4902	10
4903	8
4904	13
4905	5
4906	4
4907	7
4908	12
4909	2
4910	26
4911	8
4912	42
4913	20
4914	13
4915	14
4916	3
4917	9
4918	9
4919	18
4920	23
4921	14
4922	5
4923	20
4924	4
4925	5
4926	28
4927	17
4928	11
4929	11
4930	12
4931	7
4932	11
4933	32
4934	18
4935	8
4936	13
4937	2
4938	1
4939	18
4940	3
4941	36
4942	13
4943	15
4944	5
4945	4
4946	66
4947	20
4948	21
4949	1
4950	10
4951	37
4952	4
4953	10
4954	3
4955	34
4956	52
4957	25
4958	53
4959	9
4960	1
4961	24
4962	32
4963	34
4964	3
4965	1
4966	3
4967	14
4968	22
4969	6
4970	2
4971	22
4972	12
4973	12
4974	24
4975	7
4976	15
4977	24
4978	9
4979	23
4980	13
4981	3
4982	23
4983	1
4984	9
4985	19
4986	9
4987	11
4988	48
4989	10
4990	21
4991	20
4992	6
4993	37
4994	11
4995	2
4996	46
4997	23
4998	12
4999	9
5000	11
5001	3
5002	17
5003	22
5004	6
5005	1
5006	19
5007	13
5008	17
5009	6
5010	4
5011	16
5012	27
5013	3
5014	3
5015	4
5016	8
5017	14
5018	21
5019	10
5020	17
5021	4
5022	2
5023	1
5024	9
5025	3
5026	15
5027	11
5028	6
5029	25
5030	13
5031	1
5032	18
5033	9
5034	5
5035	16
5036	1
5037	7
5038	4
5039	67
5040	2
5041	10
5042	9
5043	7
5044	10
5045	43
5046	15
5047	3
5048	2
5049	10
5050	3
5051	3
5052	1
5053	16
5054	15
5055	3
5056	15
5057	3
5058	6
5059	18
5060	28
5061	1
5062	75
5063	3
5064	20
5065	29
5066	38
5067	6
5068	11
5069	7
5070	9
5071	4
5072	15
5073	24
5074	5
5075	8
5076	19
5077	12
5078	31
5079	21
5080	2
5081	11
5082	43
5083	78
5084	8
5085	11
5086	6
5087	20
5088	5
5089	18
5090	2
5091	24
5092	28
5093	3
5094	8
5095	5
5096	96
5097	2
5098	71
5099	9
5100	5
5101	4
5102	24
5103	9
5104	23
5105	4
5106	42
5107	1
5108	3
5109	23
5110	8
5111	18
5112	15
5113	24
5114	12
5115	65
5116	14
5117	33
5118	6
5119	16
5120	8
5121	2
5122	1
5123	3
5124	9
5125	35
5126	26
5127	5
5128	1
5129	2
5130	32
5131	14
5132	6
5133	15
5134	28
5135	11
5136	1
5137	5
5138	19
5139	33
5140	34
5141	11
5142	13
5143	12
5144	8
5145	5
5146	4
5147	9
5148	39
5149	47
5150	7
5151	50
5152	6
5153	5
5154	17
5155	9
5156	29
5157	31
5158	11
5159	9
5160	22
5161	4
5162	7
5163	3
5164	29
5165	42
5166	8
5167	3
5168	13
5169	51
5170	6
5171	21
5172	28
5173	3
5174	5
5175	7
5176	2
5177	2
5178	28
5179	10
5180	26
5181	1
5182	7
5183	13
5184	4
5185	5
5186	11
5187	12
5188	3
5189	22
5190	2
5191	4
5192	25
5193	9
5194	2
5195	26
5196	13
5197	33
5198	1
5199	34
5200	31
5201	3
5202	11
5203	8
5204	16
5205	52
5206	16
5207	40
5208	30
5209	20
5210	1
5211	48
5212	11
5213	7
5214	21
5215	10
5216	10
5217	4
5218	16
5219	2
5220	8
5221	6
5222	60
5223	19
5224	50
5225	2
5226	8
5227	17
5228	10
5229	2
5230	24
5231	18
5232	5
5233	25
5234	17
5235	26
5236	1
5237	24
5238	21
5239	28
5240	9
5241	36
5242	30
5243	12
5244	12
5245	26
5246	13
5247	1
5248	8
5249	6
5250	2
5251	37
5252	40
5253	29
5254	9
5255	13
5256	1
5257	8
5258	2
5259	15
5260	1
5261	4
5262	9
5263	15
5264	53
5265	15
5266	10
5267	57
5268	15
5269	4
5270	12
5271	3
5272	22
5273	26
5274	6
5275	36
5276	13
5277	5
5278	21
5279	16
5280	3
5281	14
5282	33
5283	8
5284	17
5285	44
5286	7
5287	10
5288	13
5289	9
5290	5
5291	17
5292	5
5293	6
5294	74
5295	6
5296	4
5297	52
5298	20
5299	13
5300	17
5301	13
5302	5
5303	17
5304	7
5305	2
5306	13
5307	39
5308	24
5309	2
5310	4
5311	11
5312	28
5313	3
5314	3
5315	35
5316	1
5317	8
5318	7
5319	5
5320	11
5321	7
5322	12
5323	13
5324	40
5325	11
5326	4
5327	24
5328	11
5329	14
5330	1
5331	17
5332	3
5333	37
5334	14
5335	24
5336	39
5337	8
5338	13
5339	2
5340	3
5341	50
5342	7
5343	20
5344	15
5345	23
5346	5
5347	17
5348	29
5349	3
5350	23
5351	21
5352	24
5353	8
5354	4
5355	6
5356	8
5357	17
5358	1
5359	16
5360	7
5361	16
5362	8
5363	26
5364	29
5365	15
5366	3
5367	3
5368	19
5369	8
5370	22
5371	16
5372	37
5373	6
5374	8
5375	18
5376	16
5377	18
5378	21
5379	5
5380	10
5381	11
5382	32
5383	29
5384	8
5385	5
5386	18
5387	37
5388	8
5389	15
5390	16
5391	5
5392	21
5393	22
5394	18
5395	5
5396	15
5397	10
5398	15
5399	24
5400	3
5401	21
5402	3
5403	23
5404	19
5405	1
5406	1
5407	23
5408	1
5409	20
5410	16
5411	16
5412	6
5413	12
5414	14
5415	16
5416	12
5417	45
5418	4
5419	25
5420	21
5421	4
5422	4
5423	6
5424	8
5425	5
5426	1
5427	136
5428	11
5429	11
5430	11
5431	12
5432	18
5433	6
5434	12
5435	2
5436	23
5437	9
5438	22
5439	12
5440	2
5441	44
5442	11
5443	19
5444	20
5445	11
5446	7
5447	6
5448	19
5449	25
5450	81
5451	70
5452	9
5453	20
5454	17
5455	12
5456	8
5457	15
5458	24
5459	7
5460	19
5461	42
5462	54
5463	18
5464	10
5465	11
5466	37
5467	2
5468	7
5469	56
5470	29
5471	10
5472	9
5473	14
5474	41
5475	3
5476	2
5477	13
5478	11
5479	26
5480	4
5481	5
5482	1
5483	22
5484	2
5485	1
5486	9
5487	7
5488	2
5489	6
5490	19
5491	1
5492	33
5493	12
5494	5
5495	24
5496	23
5497	28
5498	1
5499	7
5500	4
5501	29
5502	15
5503	94
5504	10
5505	12
5506	40
5507	7
5508	15
5509	7
5510	21
5511	34
5512	21
5513	66
5514	9
5515	22
5516	20
5517	1
5518	10
5519	39
5520	1
5521	7
5522	7
5523	11
5524	24
5525	1
5526	7
5527	5
5528	13
5529	2
5530	12
5531	7
5532	11
5533	1
5534	29
5535	20
5536	85
5537	3
5538	1
5539	14
5540	3
5541	32
5542	34
5543	22
5544	1
5545	2
5546	1
5547	4
5548	7
5549	7
5550	9
5551	7
5552	14
5553	1
5554	13
5555	5
5556	12
5557	17
5558	8
5559	61
5560	4
5561	29
5562	19
5563	8
5564	5
5565	10
5566	35
5567	12
5568	10
5569	5
5570	36
5571	7
5572	9
5573	14
5574	14
5575	34
5576	14
5577	3
5578	21
5579	10
5580	5
5581	1
5582	19
5583	4
5584	42
5585	9
5586	6
5587	4
5588	10
5589	3
5590	4
5591	4
5592	21
5593	3
5594	16
5595	1
5596	20
5597	9
5598	13
5599	9
5600	16
5601	15
5602	11
5603	12
5604	6
5605	25
5606	20
5607	2
5608	7
5609	5
5610	15
5611	11
5612	10
5613	14
5614	14
5615	3
5616	5
5617	7
5618	23
5619	7
5620	57
5621	20
5622	30
5623	11
5624	41
5625	18
5626	23
5627	2
5628	24
5629	8
5630	4
5631	11
5632	26
5633	35
5634	3
5635	9
5636	1
5637	1
5638	2
5639	12
5640	47
5641	53
5642	38
5643	9
5644	8
5645	8
5646	13
5647	6
5648	3
5649	8
5650	18
5651	6
5652	37
5653	2
5654	1
5655	9
5656	34
5657	14
5658	1
5659	23
5660	1
5661	6
5662	19
5663	15
5664	53
5665	7
5666	1
5667	29
5668	6
5669	17
5670	6
5671	2
5672	36
5673	27
5674	10
5675	3
5676	15
5677	3
5678	1
5679	4
5680	22
5681	2
5682	17
5683	4
5684	4
5685	13
5686	28
5687	18
5688	19
5689	2
5690	11
5691	21
5692	20
5693	8
5694	9
5695	19
5696	33
5697	3
5698	12
5699	23
5700	9
5701	5
5702	33
5703	2
5704	4
5705	10
5706	5
5707	6
5708	11
5709	12
5710	70
5711	14
5712	10
5713	59
5714	1
5715	7
5716	6
5717	13
5718	4
5719	7
5720	21
5721	2
5722	5
5723	23
5724	24
5725	31
5726	9
5727	13
5728	18
5729	32
5730	32
5731	17
5732	3
5733	7
5734	14
5735	94
5736	8
5737	6
5738	12
5739	9
5740	10
5741	24
5742	3
5743	3
5744	9
5745	59
5746	28
5747	22
5748	1
5749	23
5750	54
5751	31
5752	1
5753	2
5754	2
5755	19
5756	48
5757	30
5758	16
5759	14
5760	33
5761	7
5762	54
5763	2
5764	39
5765	18
5766	11
5767	3
5768	24
5769	30
5770	16
5771	16
5772	15
5773	10
5774	2
5775	4
5776	48
5777	14
5778	6
5779	5
5780	1
5781	26
5782	2
5783	15
5784	20
5785	28
5786	15
5787	32
5788	4
5789	3
5790	28
5791	4
5792	8
5793	35
5794	10
5795	38
5796	10
5797	43
5798	19
5799	6
5800	56
5801	34
5802	8
5803	4
5804	14
5805	2
5806	95
5807	1
5808	1
5809	25
5810	6
5811	3
5812	19
5813	77
5814	38
5815	8
5816	37
5817	18
5818	37
5819	2
5820	3
5821	2
5822	23
5823	18
5824	6
5825	1
5826	5
5827	2
5828	18
5829	14
5830	36
5831	17
5832	61
5833	2
5834	2
5835	5
5836	11
5837	16
5838	2
5839	35
5840	48
5841	7
5842	11
5843	7
5844	9
5845	4
5846	26
5847	46
5848	41
5849	1
5850	23
5851	3
5852	10
5853	7
5854	8
5855	3
5856	24
5857	6
5858	6
5859	7
5860	17
5861	24
5862	7
5863	40
5864	15
5865	15
5866	3
5867	2
5868	9
5869	17
5870	4
5871	42
5872	1
5873	3
5874	9
5875	8
5876	24
5877	4
5878	1
5879	3
5880	25
5881	11
5882	1
5883	25
5884	28
5885	24
5886	15
5887	4
5888	8
5889	2
5890	7
5891	1
5892	17
5893	4
5894	3
5895	23
5896	16
5897	13
5898	7
5899	32
5900	17
5901	4
5902	57
5903	23
5904	6
5905	31
5906	23
5907	2
5908	30
5909	6
5910	9
5911	18
5912	15
5913	3
5914	9
5915	56
5916	1
5917	111
5918	16
5919	18
5920	5
5921	7
5922	13
5923	17
5924	29
5925	25
5926	30
5927	47
5928	5
5929	18
5930	1
5931	13
5932	22
5933	14
5934	14
5935	5
5936	1
5937	30
5938	8
5939	7
5940	42
5941	45
5942	23
5943	3
5944	27
5945	1
5946	2
5947	3
5948	1
5949	3
5950	15
5951	90
5952	3
5953	37
5954	22
5955	2
5956	6
5957	1
5958	29
5959	1
5960	30
5961	7
5962	3
5963	18
5964	11
5965	46
5966	19
5967	8
5968	7
5969	34
5970	10
5971	6
5972	63
5973	16
5974	38
5975	35
5976	1
5977	7
5978	2
5979	17
5980	31
5981	15
5982	12
5983	36
5984	17
5985	13
5986	18
5987	19
5988	3
5989	33
5990	12
5991	21
5992	3
5993	23
5994	20
5995	6
5996	3
5997	5
5998	5
5999	17
6000	44
6001	12
6002	16
6003	21
6004	21
6005	76
6006	18
6007	1
6008	5
6009	1
6010	4
6011	7
6012	10
6013	18
6014	8
6015	10
6016	3
6017	19
6018	2
6019	29
6020	31
6021	5
6022	9
6023	8
6024	8
6025	2
6026	6
6027	3
6028	39
6029	20
6030	1
6031	6
6032	39
6033	26
6034	1
6035	8
6036	28
6037	3
6038	6
6039	2
6040	15
6041	21
6042	11
6043	37
6044	4
6045	4
6046	4
6047	27
6048	29
6049	21
6050	2
6051	17
6052	35
6053	21
6054	11
6055	9
6056	35
6057	14
6058	14
6059	7
6060	47
6061	16
6062	25
6063	15
6064	52
6065	5
6066	2
6067	11
6068	1
6069	33
6070	10
6071	55
6072	1
6073	12
6074	8
6075	11
6076	2
6077	6
6078	33
6079	29
6080	4
6081	29
6082	45
6083	2
6084	3
6085	23
6086	4
6087	62
6088	31
6089	14
6090	13
6091	56
6092	18
6093	12
6094	13
6095	23
6096	6
6097	32
6098	12
6099	19
6100	33
6101	3
6102	53
6103	29
6104	15
6105	22
6106	15
6107	5
6108	26
6109	5
6110	10
6111	33
6112	5
6113	4
6114	22
6115	16
6116	16
6117	16
6118	41
6119	5
6120	6
6121	26
6122	9
6123	23
6124	4
6125	24
6126	38
6127	24
6128	16
6129	8
6130	11
6131	3
6132	54
6133	46
6134	23
6135	15
6136	4
6137	1
6138	14
6139	56
6140	15
6141	1
6142	41
6143	5
6144	5
6145	18
6146	5
6147	27
6148	21
6149	11
6150	6
6151	15
6152	8
6153	10
6154	13
6155	33
6156	20
6157	5
6158	16
6159	11
6160	3
6161	9
6162	43
6163	6
6164	22
6165	5
6166	13
6167	19
6168	1
6169	49
6170	3
6171	3
6172	1
6173	43
6174	22
6175	24
6176	16
6177	6
6178	12
6179	50
6180	2
6181	8
6182	7
6183	106
6184	6
6185	11
6186	9
6187	3
6188	3
6189	7
6190	2
6191	1
6192	5
6193	22
6194	18
6195	1
6196	8
6197	27
6198	38
6199	9
6200	9
6201	8
6202	7
6203	27
6204	13
6205	30
6206	37
6207	4
6208	3
6209	6
6210	23
6211	13
6212	2
6213	31
6214	18
6215	12
6216	11
6217	3
6218	5
6219	2
6220	1
6221	10
6222	12
6223	7
6224	9
6225	18
6226	9
6227	5
6228	20
6229	2
6230	18
6231	11
6232	2
6233	9
6234	20
6235	5
6236	14
6237	4
6238	6
6239	12
6240	65
6241	48
6242	20
6243	23
6244	17
6245	12
6246	37
6247	49
6248	30
6249	25
6250	6
6251	4
6252	5
6253	30
6254	40
6255	13
6256	4
6257	4
6258	9
6259	17
6260	3
6261	26
6262	6
6263	24
6264	58
6265	3
6266	1
6267	4
6268	3
6269	4
6270	27
6271	2
6272	5
6273	15
6274	30
6275	12
6276	6
6277	2
6278	4
6279	18
6280	46
6281	15
6282	10
6283	21
6284	23
6285	17
6286	17
6287	1
6288	3
6289	41
6290	7
6291	2
6292	9
6293	2
6294	24
6295	25
6296	11
6297	7
6298	3
6299	10
6300	28
6301	24
6302	4
6303	14
6304	73
6305	20
6306	17
6307	23
6308	3
6309	3
6310	7
6311	25
6312	26
6313	5
6314	5
6315	61
6316	7
6317	12
6318	71
6319	25
6320	35
6321	10
6322	24
6323	13
6324	8
6325	3
6326	10
6327	9
6328	7
6329	2
6330	13
6331	13
6332	3
6333	22
6334	8
6335	17
6336	12
6337	17
6338	30
6339	7
6340	9
6341	50
6342	8
6343	15
6344	15
6345	26
6346	14
6347	14
6348	3
6349	10
6350	13
6351	8
6352	2
6353	6
6354	7
6355	9
6356	37
6357	24
6358	9
6359	11
6360	1
6361	7
6362	16
6363	15
6364	10
6365	25
6366	28
6367	27
6368	11
6369	7
6370	19
6371	8
6372	1
6373	26
6374	9
6375	8
6376	10
6377	2
6378	4
6379	15
6380	30
6381	20
6382	5
6383	49
6384	16
6385	1
6386	2
6387	23
6388	6
6389	2
6390	28
6391	26
6392	11
6393	20
6394	14
6395	4
6396	10
6397	21
6398	8
6399	2
6400	4
6401	36
6402	32
6403	46
6404	12
6405	6
6406	4
6407	23
6408	80
6409	22
6410	1
6411	7
6412	29
6413	25
6414	45
6415	14
6416	1
6417	18
6418	16
6419	17
6420	13
6421	10
6422	13
6423	40
6424	16
6425	9
6426	5
6427	7
6428	4
6429	5
6430	11
6431	12
6432	14
6433	6
6434	16
6435	13
6436	2
6437	15
6438	2
6439	19
6440	24
6441	49
6442	23
6443	24
6444	3
6445	5
6446	26
6447	47
6448	6
6449	4
6450	4
6451	12
6452	5
6453	9
6454	1
6455	11
6456	15
6457	3
6458	19
6459	29
6460	26
6461	6
6462	35
6463	1
6464	38
6465	47
6466	3
6467	17
6468	9
6469	32
6470	6
6471	109
6472	18
6473	8
6474	32
6475	8
6476	32
6477	4
6478	8
6479	4
6480	19
6481	22
6482	57
6483	11
6484	14
6485	7
6486	10
6487	15
6488	1
6489	54
6490	2
6491	11
6492	12
6493	7
6494	30
6495	58
6496	12
6497	7
6498	15
6499	4
6500	50
6501	5
6502	7
6503	22
6504	11
6505	1
6506	15
6507	5
6508	11
6509	72
6510	5
6511	7
6512	6
6513	14
6514	78
6515	23
6516	21
6517	9
6518	7
6519	43
6520	11
6521	35
6522	28
6523	22
6524	17
6525	31
6526	50
6527	6
6528	4
6529	13
6530	56
6531	25
6532	13
6533	2
6534	1
6535	40
6536	21
6537	9
6538	65
6539	29
6540	6
6541	3
6542	8
6543	7
6544	7
6545	16
6546	3
6547	9
6548	4
6549	14
6550	21
6551	2
6552	3
6553	9
6554	15
6555	21
6556	3
6557	3
6558	8
6559	9
6560	26
6561	5
6562	9
6563	28
6564	1
6565	19
6566	3
6567	9
6568	32
6569	2
6570	8
6571	27
6572	7
6573	18
6574	17
6575	7
6576	3
6577	12
6578	2
6579	2
6580	56
6581	5
6582	37
6583	13
6584	40
6585	16
6586	10
6587	17
6588	36
6589	13
6590	27
6591	26
6592	3
6593	12
6594	5
6595	4
6596	13
6597	2
6598	43
6599	2
6600	13
6601	1
6602	32
6603	5
6604	3
6605	41
6606	30
6607	38
6608	49
6609	1
6610	23
6611	9
6612	40
6613	70
6614	3
6615	1
6616	11
6617	1
6618	36
6619	10
6620	8
6621	14
6622	6
6623	45
6624	16
6625	7
6626	16
6627	17
6628	5
6629	6
6630	59
6631	11
6632	3
6633	5
6634	9
6635	2
6636	9
6637	1
6638	38
6639	4
6640	1
6641	22
6642	6
6643	6
6644	14
6645	3
6646	31
6647	43
6648	22
6649	8
6650	2
6651	68
6652	39
6653	10
6654	3
6655	3
6656	29
6657	3
6658	8
6659	29
6660	3
6661	16
6662	11
6663	8
6664	7
6665	15
6666	14
6667	22
6668	13
6669	11
6670	13
6671	11
6672	29
6673	16
6674	3
6675	18
6676	3
6677	5
6678	1
6679	6
6680	36
6681	33
6682	15
6683	10
6684	2
6685	9
6686	7
6687	10
6688	39
6689	19
6690	10
6691	58
6692	18
6693	8
6694	14
6695	11
6696	4
6697	3
6698	3
6699	11
6700	5
6701	42
6702	6
6703	7
6704	32
6705	6
6706	15
6707	16
6708	17
6709	39
6710	8
6711	14
6712	48
6713	28
6714	6
6715	7
6716	31
6717	67
6718	40
6719	6
6720	47
6721	2
6722	1
6723	10
6724	9
6725	33
6726	1
6727	55
6728	2
6729	22
6730	12
6731	19
6732	114
6733	8
6734	46
6735	29
6736	15
6737	12
6738	9
6739	3
6740	13
6741	37
6742	25
6743	6
6744	21
6745	15
6746	3
6747	3
6748	26
6749	26
6750	12
6751	6
6752	2
6753	5
6754	12
6755	12
6756	14
6757	18
6758	21
6759	20
6760	16
6761	8
6762	46
6763	10
6764	10
6765	14
6766	6
6767	5
6768	12
6769	9
6770	14
6771	6
6772	2
6773	9
6774	3
6775	7
6776	12
6777	10
6778	2
6779	25
6780	22
6781	21
6782	3
6783	4
6784	22
6785	7
6786	20
6787	31
6788	20
6789	11
6790	2
6791	8
6792	18
6793	37
6794	4
6795	15
6796	33
6797	3
6798	17
6799	25
6800	4
6801	9
6802	15
6803	14
6804	6
6805	8
6806	9
6807	18
6808	3
6809	19
6810	13
6811	4
6812	2
6813	17
6814	33
6815	11
6816	2
6817	33
6818	16
6819	28
6820	31
6821	13
6822	17
6823	11
6824	17
6825	23
6826	10
6827	35
6828	21
6829	52
6830	17
6831	6
6832	7
6833	11
6834	4
6835	8
6836	10
6837	11
6838	1
6839	13
6840	15
6841	41
6842	18
6843	5
6844	3
6845	48
6846	24
6847	4
6848	33
6849	1
6850	2
6851	40
6852	15
6853	9
6854	4
6855	4
6856	5
6857	1
6858	8
6859	7
6860	3
6861	2
6862	5
6863	15
6864	8
6865	4
6866	5
6867	19
6868	1
6869	15
6870	11
6871	61
6872	27
6873	99
6874	9
6875	43
6876	3
6877	23
6878	4
6879	17
6880	15
6881	69
6882	12
6883	51
6884	27
6885	14
6886	4
6887	11
6888	2
6889	20
6890	31
6891	1
6892	56
6893	20
6894	3
6895	51
6896	1
6897	31
6898	1
6899	9
6900	68
6901	27
6902	21
6903	8
6904	53
6905	31
6906	10
6907	30
6908	38
6909	20
6910	31
6911	3
6912	14
6913	17
6914	33
6915	7
6916	4
6917	15
6918	4
6919	1
6920	8
6921	9
6922	41
6923	13
6924	1
6925	21
6926	1
6927	39
6928	7
6929	15
6930	6
6931	28
6932	10
6933	1
6934	3
6935	10
6936	39
6937	12
6938	47
6939	1
6940	28
6941	3
6942	6
6943	5
6944	4
6945	37
6946	17
6947	7
6948	17
6949	1
6950	28
6951	21
6952	13
6953	2
6954	17
6955	11
6956	19
6957	29
6958	7
6959	3
6960	19
6961	6
6962	2
6963	46
6964	14
6965	3
6966	13
6967	31
6968	27
6969	7
6970	1
6971	40
6972	37
6973	5
6974	5
6975	8
6976	4
6977	31
6978	6
6979	28
6980	22
6981	19
6982	7
6983	8
6984	12
6985	31
6986	6
6987	27
6988	10
6989	3
6990	9
6991	22
6992	37
6993	1
6994	3
6995	30
6996	11
6997	5
6998	30
6999	15
7000	30
7001	10
7002	2
7003	2
7004	5
7005	20
7006	2
7007	20
7008	8
7009	7
7010	110
7011	35
7012	4
7013	20
7014	39
7015	11
7016	2
7017	12
7018	5
7019	12
7020	15
7021	22
7022	3
7023	16
7024	1
7025	4
7026	24
7027	1
7028	5
7029	2
7030	15
7031	45
7032	8
7033	9
7034	1
7035	9
7036	1
7037	71
7038	35
7039	8
7040	7
7041	11
7042	28
7043	7
7044	13
7045	1
7046	1
7047	5
7048	6
7049	20
7050	25
7051	6
7052	6
7053	26
7054	1
7055	2
7056	10
7057	11
7058	14
7059	14
7060	12
7061	11
7062	26
7063	8
7064	11
7065	1
7066	18
7067	17
7068	6
7069	24
7070	3
7071	1
7072	31
7073	1
7074	2
7075	10
7076	25
7077	9
7078	4
7079	19
7080	10
7081	15
7082	8
7083	38
7084	15
7085	51
7086	24
7087	10
7088	9
7089	10
7090	12
7091	9
7092	18
7093	41
7094	11
7095	44
7096	20
7097	19
7098	10
7099	4
7100	15
7101	38
7102	59
7103	10
7104	4
7105	2
7106	2
7107	4
7108	29
7109	14
7110	52
7111	6
7112	22
7113	23
7114	2
7115	31
7116	25
7117	38
7118	27
7119	9
7120	5
7121	55
7122	25
7123	37
7124	40
7125	12
7126	3
7127	43
7128	11
7129	1
7130	3
7131	2
7132	27
7133	29
7134	62
7135	9
7136	71
7137	3
7138	23
7139	5
7140	8
7141	10
7142	13
7143	2
7144	28
7145	10
7146	56
7147	49
7148	10
7149	11
7150	4
7151	2
7152	86
7153	28
7154	3
7155	6
7156	38
7157	10
7158	20
7159	7
7160	7
7161	42
7162	9
7163	27
7164	16
7165	48
7166	19
7167	13
7168	19
7169	7
7170	42
7171	1
7172	19
7173	28
7174	19
7175	22
7176	3
7177	2
7178	3
7179	26
7180	37
7181	21
7182	23
7183	33
7184	2
7185	27
7186	39
7187	3
7188	1
7189	5
7190	15
7191	14
7192	2
7193	12
7194	10
7195	11
7196	3
7197	19
7198	80
7199	5
7200	10
7201	5
7202	42
7203	14
7204	8
7205	9
7206	14
7207	3
7208	10
7209	20
7210	4
7211	2
7212	11
7213	2
7214	10
7215	9
7216	4
7217	12
7218	7
7219	3
7220	2
7221	15
7222	10
7223	21
7224	58
7225	6
7226	2
7227	4
7228	3
7229	23
7230	33
7231	25
7232	28
7233	6
7234	14
7235	13
7236	2
7237	18
7238	20
7239	13
7240	3
7241	13
7242	9
7243	29
7244	1
7245	8
7246	28
7247	15
7248	3
7249	32
7250	10
7251	50
7252	2
7253	70
7254	3
7255	36
7256	21
7257	7
7258	15
7259	19
7260	7
7261	7
7262	8
7263	6
7264	24
7265	67
7266	1
7267	5
7268	10
7269	6
7270	19
7271	37
7272	6
7273	6
7274	14
7275	15
7276	1
7277	1
7278	22
7279	27
7280	17
7281	12
7282	16
7283	2
7284	4
7285	11
7286	3
7287	8
7288	2
7289	25
7290	1
7291	9
7292	8
7293	6
7294	29
7295	9
7296	11
7297	1
7298	29
7299	8
7300	8
7301	7
7302	10
7303	10
7304	7
7305	62
7306	12
7307	1
7308	28
7309	3
7310	18
7311	1
7312	7
7313	28
7314	15
7315	2
7316	6
7317	23
7318	12
7319	9
7320	4
7321	7
7322	8
7323	1
7324	37
7325	7
7326	26
7327	83
7328	42
7329	4
7330	7
7331	14
7332	17
7333	31
7334	22
7335	2
7336	11
7337	9
7338	23
7339	1
7340	14
7341	22
7342	6
7343	8
7344	13
7345	10
7346	22
7347	26
7348	32
7349	5
7350	14
7351	37
7352	13
7353	7
7354	3
7355	4
7356	9
7357	1
7358	7
7359	12
7360	3
7361	11
7362	7
7363	14
7364	11
7365	4
7366	2
7367	7
7368	11
7369	7
7370	30
7371	9
7372	55
7373	33
7374	8
7375	22
7376	7
7377	6
7378	7
7379	8
7380	4
7381	4
7382	1
7383	14
7384	29
7385	3
7386	5
7387	14
7388	11
7389	4
7390	10
7391	6
7392	6
7393	5
7394	10
7395	8
7396	38
7397	6
7398	7
7399	10
7400	42
7401	8
7402	13
7403	6
7404	18
7405	25
7406	2
7407	1
7408	4
7409	1
7410	37
7411	2
7412	3
7413	11
7414	33
7415	29
7416	7
7417	10
7418	28
7419	2
7420	59
7421	13
7422	12
7423	22
7424	21
7425	14
7426	19
7427	7
7428	8
7429	2
7430	7
7431	42
7432	5
7433	1
7434	39
7435	6
7436	1
7437	4
7438	3
7439	47
7440	25
7441	32
7442	5
7443	11
7444	13
7445	3
7446	13
7447	3
7448	6
7449	18
7450	29
7451	6
7452	5
7453	7
7454	1
7455	28
7456	10
7457	10
7458	7
7459	8
7460	47
7461	17
7462	66
7463	4
7464	3
7465	13
7466	39
7467	39
7468	14
7469	32
7470	59
7471	27
7472	31
7473	38
7474	12
7475	12
7476	1
7477	2
7478	15
7479	51
7480	14
7481	1
7482	24
7483	38
7484	4
7485	9
7486	8
7487	34
7488	9
7489	21
7490	2
7491	2
7492	18
7493	3
7494	3
7495	6
7496	28
7497	17
7498	26
7499	22
7500	7
7501	5
7502	46
7503	5
7504	7
7505	2
7506	11
7507	5
7508	2
7509	2
7510	13
7511	32
7512	3
7513	4
7514	7
7515	2
7516	5
7517	49
7518	55
7519	3
7520	3
7521	7
7522	17
7523	9
7524	37
7525	23
7526	1
7527	5
7528	1
7529	22
7530	2
7531	13
7532	27
7533	1
7534	40
7535	36
7536	16
7537	19
7538	13
7539	40
7540	21
7541	19
7542	4
7543	41
7544	4
7545	6
7546	36
7547	11
7548	3
7549	8
7550	27
7551	13
7552	21
7553	4
7554	2
7555	34
7556	54
7557	59
7558	6
7559	15
7560	39
7561	11
7562	12
7563	21
7564	21
7565	22
7566	8
7567	9
7568	47
7569	21
7570	3
7571	7
7572	25
7573	7
7574	16
7575	7
7576	21
7577	31
7578	1
7579	20
7580	4
7581	18
7582	2
7583	1
7584	6
7585	11
7586	9
7587	4
7588	3
7589	6
7590	3
7591	35
7592	15
7593	49
7594	29
7595	7
7596	16
7597	5
7598	20
7599	5
7600	28
7601	11
7602	16
7603	34
7604	1
7605	2
7606	3
7607	2
7608	20
7609	7
7610	4
7611	4
7612	17
7613	22
7614	22
7615	9
7616	25
7617	7
7618	20
7619	39
7620	9
7621	1
7622	9
7623	2
7624	3
7625	6
7626	17
7627	2
7628	12
7629	29
7630	12
7631	12
7632	24
7633	29
7634	16
7635	1
7636	11
7637	18
7638	13
7639	10
7640	1
7641	2
7642	6
7643	21
7644	27
7645	39
7646	4
7647	8
7648	4
7649	30
7650	2
7651	67
7652	8
7653	48
7654	31
7655	11
7656	9
7657	7
7658	18
7659	2
7660	8
7661	2
7662	28
7663	13
7664	1
7665	17
7666	14
7667	33
7668	10
7669	7
7670	1
7671	3
7672	3
7673	30
7674	1
7675	13
7676	11
7677	1
7678	17
7679	25
7680	7
7681	13
7682	2
7683	20
7684	5
7685	7
7686	3
7687	8
7688	32
7689	21
7690	8
7691	1
7692	23
7693	4
7694	14
7695	11
7696	20
7697	9
7698	2
7699	2
7700	30
7701	21
7702	10
7703	6
7704	7
7705	25
7706	40
7707	8
7708	3
7709	50
7710	2
7711	58
7712	9
7713	8
7714	15
7715	5
7716	11
7717	18
7718	3
7719	16
7720	4
7721	12
7722	1
7723	2
7724	19
7725	16
7726	47
7727	9
7728	5
7729	9
7730	15
7731	19
7732	1
7733	16
7734	1
7735	23
7736	15
7737	11
7738	24
7739	12
7740	7
7741	7
7742	13
7743	38
7744	26
7745	15
7746	3
7747	40
7748	27
7749	17
7750	65
7751	33
7752	8
7753	3
7754	10
7755	21
7756	11
7757	8
7758	26
7759	28
7760	5
7761	5
7762	51
7763	25
7764	2
7765	3
7766	9
7767	46
7768	14
7769	13
7770	9
7771	18
7772	2
7773	4
7774	2
7775	10
7776	2
7777	13
7778	19
7779	14
7780	8
7781	10
7782	10
7783	70
7784	2
7785	6
7786	8
7787	42
7788	20
7789	15
7790	3
7791	5
7792	4
7793	6
7794	13
7795	7
7796	12
7797	28
7798	4
7799	13
7800	2
7801	3
7802	3
7803	4
7804	10
7805	32
7806	24
7807	9
7808	2
7809	16
7810	26
7811	1
7812	4
7813	7
7814	4
7815	5
7816	32
7817	1
7818	6
7819	7
7820	9
7821	6
7822	3
7823	34
7824	13
7825	40
7826	14
7827	8
7828	33
7829	11
7830	34
7831	41
7832	49
7833	27
7834	20
7835	17
7836	37
7837	4
7838	11
7839	21
7840	4
7841	4
7842	36
7843	16
7844	4
7845	18
7846	29
7847	27
7848	4
7849	4
7850	34
7851	3
7852	26
7853	5
7854	7
7855	2
7856	5
7857	3
7858	5
7859	32
7860	3
7861	15
7862	5
7863	21
7864	18
7865	2
7866	14
7867	2
7868	10
7869	3
7870	1
7871	9
7872	13
7873	40
7874	11
7875	8
7876	4
7877	4
7878	33
7879	3
7880	11
7881	35
7882	28
7883	11
7884	13
7885	3
7886	1
7887	11
7888	5
7889	15
7890	6
7891	6
7892	23
7893	37
7894	27
7895	20
7896	2
7897	15
7898	6
7899	10
7900	64
7901	11
7902	26
7903	9
7904	42
7905	15
7906	13
7907	2
7908	3
7909	11
7910	12
7911	16
7912	15
7913	9
7914	8
7915	9
7916	16
7917	5
7918	12
7919	11
7920	9
7921	3
7922	10
7923	9
7924	6
7925	22
7926	6
7927	38
7928	82
7929	16
7930	11
7931	3
7932	23
7933	10
7934	5
7935	4
7936	10
7937	9
7938	20
7939	61
7940	4
7941	1
7942	2
7943	19
7944	10
7945	25
7946	17
7947	2
7948	17
7949	4
7950	26
7951	17
7952	23
7953	6
7954	2
7955	24
7956	4
7957	9
7958	2
7959	1
7960	1
7961	4
7962	4
7963	1
7964	26
7965	11
7966	21
7967	13
7968	27
7969	27
7970	2
7971	15
7972	1
7973	11
7974	26
7975	1
7976	42
7977	10
7978	21
7979	10
7980	95
7981	1
7982	29
7983	15
7984	2
7985	11
7986	28
7987	11
7988	28
7989	3
7990	15
7991	18
7992	11
7993	17
7994	5
7995	7
7996	1
7997	31
7998	41
7999	38
8000	1
8001	22
8002	21
8003	1
8004	2
8005	52
8006	5
8007	26
8008	17
8009	101
8010	1
8011	7
8012	45
8013	43
8014	49
8015	5
8016	7
8017	9
8018	2
8019	16
8020	32
8021	32
8022	8
8023	2
8024	3
8025	1
8026	18
8027	13
8028	13
8029	20
8030	15
8031	10
8032	44
8033	40
8034	12
8035	33
8036	2
8037	13
8038	13
8039	4
8040	2
8041	12
8042	3
8043	65
8044	39
8045	33
8046	3
8047	1
8048	11
8049	2
8050	13
8051	15
8052	1
8053	18
8054	20
8055	10
8056	7
8057	25
8058	17
8059	4
8060	31
8061	1
8062	3
8063	7
8064	63
8065	8
8066	6
8067	18
8068	3
8069	3
8070	10
8071	15
8072	1
8073	35
8074	6
8075	32
8076	1
8077	14
8078	14
8079	7
8080	2
8081	14
8082	7
8083	7
8084	49
8085	22
8086	12
8087	5
8088	26
8089	1
8090	13
8091	26
8092	3
8093	5
8094	1
8095	2
8096	40
8097	8
8098	4
8099	55
8100	21
8101	16
8102	1
8103	24
8104	15
8105	27
8106	4
8107	2
8108	13
8109	39
8110	40
8111	47
8112	5
8113	8
8114	3
8115	2
8116	15
8117	2
8118	72
8119	7
8120	3
8121	3
8122	20
8123	10
8124	1
8125	1
8126	44
8127	3
8128	2
8129	14
8130	2
8131	8
8132	13
8133	37
8134	54
8135	9
8136	5
8137	4
8138	11
8139	25
8140	17
8141	41
8142	9
8143	6
8144	8
8145	1
8146	5
8147	7
8148	15
8149	56
8150	5
8151	17
8152	22
8153	16
8154	24
8155	29
8156	5
8157	45
8158	12
8159	1
8160	7
8161	7
8162	2
8163	3
8164	36
8165	35
8166	15
8167	9
8168	4
8169	29
8170	25
8171	31
8172	15
8173	3
8174	7
8175	27
8176	8
8177	10
8178	26
8179	6
8180	6
8181	16
8182	33
8183	3
8184	15
8185	5
8186	14
8187	4
8188	10
8189	2
8190	12
8191	5
8192	7
8193	1
8194	12
8195	22
8196	12
8197	8
8198	19
8199	16
8200	3
8201	12
8202	7
8203	32
8204	4
8205	1
8206	34
8207	5
8208	5
8209	48
8210	2
8211	8
8212	4
8213	33
8214	21
8215	4
8216	29
8217	19
8218	9
8219	10
8220	5
8221	15
8222	11
8223	18
8224	31
8225	15
8226	3
8227	41
8228	2
8229	9
8230	2
8231	80
8232	10
8233	44
8234	4
8235	24
8236	12
8237	9
8238	2
8239	44
8240	5
8241	49
8242	14
8243	33
8244	27
8245	20
8246	10
8247	6
8248	7
8249	9
8250	9
8251	12
8252	9
8253	8
8254	35
8255	24
8256	8
8257	3
8258	33
8259	4
8260	4
8261	13
8262	10
8263	8
8264	23
8265	9
8266	23
8267	3
8268	15
8269	4
8270	3
8271	20
8272	2
8273	4
8274	7
8275	47
8276	11
8277	24
8278	40
8279	6
8280	10
8281	8
8282	11
8283	3
8284	2
8285	23
8286	3
8287	6
8288	7
8289	5
8290	17
8291	58
8292	4
8293	9
8294	7
8295	37
8296	9
8297	2
8298	5
8299	8
8300	2
8301	10
8302	13
8303	7
8304	1
8305	13
8306	19
8307	45
8308	5
8309	8
8310	2
8311	9
8312	20
8313	10
8314	8
8315	15
8316	6
8317	13
8318	1
8319	21
8320	39
8321	20
8322	16
8323	2
8324	1
8325	34
8326	6
8327	7
8328	14
8329	5
8330	28
8331	10
8332	19
8333	1
8334	18
8335	13
8336	36
8337	31
8338	25
8339	1
8340	3
8341	84
8342	13
8343	33
8344	7
8345	10
8346	10
8347	66
8348	25
8349	16
8350	1
8351	1
8352	17
8353	23
8354	1
8355	2
8356	19
8357	9
8358	33
8359	4
8360	21
8361	23
8362	2
8363	5
8364	41
8365	17
8366	15
8367	12
8368	11
8369	12
8370	5
8371	3
8372	3
8373	13
8374	25
8375	7
8376	31
8377	7
8378	14
8379	8
8380	22
8381	15
8382	3
8383	29
8384	3
8385	15
8386	13
8387	17
8388	5
8389	10
8390	8
8391	3
8392	67
8393	4
8394	15
8395	46
8396	16
8397	1
8398	6
8399	19
8400	38
8401	22
8402	26
8403	12
8404	17
8405	25
8406	3
8407	13
8408	5
8409	4
8410	2
8411	26
8412	11
8413	7
8414	23
8415	31
8416	12
8417	23
8418	11
8419	3
8420	5
8421	20
8422	6
8423	29
8424	8
8425	45
8426	11
8427	3
8428	8
8429	33
8430	17
8431	8
8432	6
8433	3
8434	2
8435	11
8436	2
8437	51
8438	33
8439	10
8440	11
8441	1
8442	37
8443	10
8444	3
8445	10
8446	32
8447	70
8448	7
8449	11
8450	1
8451	39
8452	30
8453	29
8454	5
8455	15
8456	25
8457	23
8458	2
8459	7
8460	15
8461	45
8462	6
8463	10
8464	1
8465	2
8466	6
8467	12
8468	6
8469	18
8470	6
8471	6
8472	3
8473	13
8474	7
8475	10
8476	6
8477	2
8478	24
8479	2
8480	10
8481	2
8482	3
8483	11
8484	2
8485	2
8486	8
8487	31
8488	19
8489	8
8490	10
8491	8
8492	25
8493	5
8494	14
8495	11
8496	12
8497	3
8498	6
8499	32
8500	10
8501	15
8502	6
8503	23
8504	35
8505	13
8506	39
8507	5
8508	14
8509	6
8510	6
8511	5
8512	8
8513	7
8514	7
8515	8
8516	1
8517	42
8518	2
8519	9
8520	41
8521	49
8522	8
8523	3
8524	16
8525	1
8526	6
8527	16
8528	112
8529	1
8530	18
8531	1
8532	6
8533	11
8534	34
8535	10
8536	10
8537	47
8538	12
8539	12
8540	8
8541	9
8542	23
8543	5
8544	8
8545	10
8546	3
8547	6
8548	1
8549	13
8550	16
8551	3
8552	3
8553	8
8554	26
8555	30
8556	19
8557	15
8558	4
8559	8
8560	6
8561	9
8562	3
8563	15
8564	8
8565	22
8566	2
8567	2
8568	23
8569	4
8570	25
8571	12
8572	14
8573	13
8574	5
8575	34
8576	17
8577	4
8578	2
8579	2
8580	40
8581	18
8582	11
8583	5
8584	4
8585	4
8586	9
8587	30
8588	6
8589	16
8590	11
8591	8
8592	2
8593	19
8594	17
8595	28
8596	19
8597	41
8598	17
8599	26
8600	11
8601	5
8602	28
8603	5
8604	8
8605	37
8606	35
8607	18
8608	1
8609	3
8610	29
8611	45
8612	31
8613	14
8614	16
8615	18
8616	15
8617	46
8618	17
8619	9
8620	26
8621	26
8622	12
8623	4
8624	34
8625	21
8626	20
8627	7
8628	51
8629	2
8630	8
8631	2
8632	1
8633	25
8634	12
8635	2
8636	8
8637	8
8638	2
8639	19
8640	51
8641	2
8642	23
8643	4
8644	7
8645	16
8646	15
8647	64
8648	30
8649	9
8650	14
8651	4
8652	13
8653	43
8654	21
8655	26
8656	68
8657	2
8658	11
8659	23
8660	5
8661	1
8662	10
8663	31
8664	15
8665	3
8666	2
8667	32
8668	22
8669	2
8670	4
8671	43
8672	20
8673	36
8674	6
8675	2
8676	12
8677	2
8678	45
8679	11
8680	21
8681	17
8682	23
8683	37
8684	4
8685	8
8686	16
8687	13
8688	8
8689	39
8690	3
8691	4
8692	17
8693	30
8694	1
8695	23
8696	17
8697	9
8698	14
8699	17
8700	5
8701	1
8702	9
8703	6
8704	2
8705	3
8706	7
8707	5
8708	9
8709	8
8710	5
8711	19
8712	10
8713	11
8714	9
8715	40
8716	20
8717	9
8718	21
8719	7
8720	1
8721	12
8722	1
8723	1
8724	8
8725	2
8726	28
8727	13
8728	8
8729	56
8730	2
8731	3
8732	4
8733	3
8734	28
8735	8
8736	8
8737	3
8738	14
8739	19
8740	54
8741	39
8742	21
8743	19
8744	28
8745	8
8746	14
8747	1
8748	13
8749	13
8750	10
8751	12
8752	35
8753	24
8754	7
8755	13
8756	21
8757	2
8758	14
8759	28
8760	7
8761	10
8762	15
8763	32
8764	2
8765	16
8766	21
8767	18
8768	2
8769	7
8770	4
8771	28
8772	26
8773	29
8774	7
8775	48
8776	2
8777	2
8778	6
8779	2
8780	4
8781	11
8782	3
8783	36
8784	16
8785	14
8786	27
8787	3
8788	6
8789	9
8790	15
8791	39
8792	1
8793	1
8794	10
8795	6
8796	24
8797	10
8798	2
8799	3
8800	3
8801	20
8802	7
8803	11
8804	68
8805	7
8806	4
8807	13
8808	2
8809	14
8810	5
8811	11
8812	13
8813	2
8814	26
8815	6
8816	23
8817	10
8818	6
8819	54
8820	2
8821	4
8822	10
8823	8
8824	34
8825	40
8826	12
8827	5
8828	23
8829	21
8830	3
8831	1
8832	3
8833	24
8834	10
8835	3
8836	4
8837	42
8838	28
8839	2
8840	7
8841	6
8842	3
8843	2
8844	19
8845	18
8846	8
8847	10
8848	13
8849	9
8850	20
8851	15
8852	2
8853	40
8854	8
8855	10
8856	5
8857	18
8858	39
8859	56
8860	16
8861	27
8862	7
8863	3
8864	2
8865	1
8866	31
8867	1
8868	4
8869	7
8870	11
8871	3
8872	31
8873	16
8874	23
8875	6
8876	13
8877	8
8878	9
8879	14
8880	12
8881	39
8882	44
8883	21
8884	9
8885	9
8886	2
8887	63
8888	13
8889	9
8890	12
8891	26
8892	13
8893	4
8894	20
8895	6
8896	8
8897	1
8898	52
8899	9
8900	9
8901	15
8902	17
8903	5
8904	11
8905	32
8906	20
8907	11
8908	19
8909	16
8910	9
8911	6
8912	9
8913	19
8914	8
8915	31
8916	6
8917	14
8918	8
8919	5
8920	3
8921	6
8922	8
8923	13
8924	6
8925	1
8926	45
8927	13
8928	7
8929	13
8930	6
8931	12
8932	1
8933	23
8934	6
8935	11
8936	26
8937	6
8938	4
8939	48
8940	5
8941	26
8942	11
8943	25
8944	21
8945	4
8946	7
8947	10
8948	11
8949	19
8950	3
8951	21
8952	5
8953	5
8954	35
8955	16
8956	5
8957	24
8958	5
8959	3
8960	30
8961	27
8962	6
8963	23
8964	14
8965	6
8966	15
8967	9
8968	9
8969	5
8970	9
8971	18
8972	2
8973	8
8974	8
8975	34
8976	29
8977	3
8978	4
8979	15
8980	6
8981	21
8982	57
8983	23
8984	18
8985	12
8986	5
8987	3
8988	4
8989	17
8990	28
8991	6
8992	3
8993	11
8994	4
8995	12
8996	17
8997	6
8998	16
8999	58
9000	6
9001	89
9002	8
9003	7
9004	3
9005	23
9006	12
9007	44
9008	4
9009	31
9010	11
9011	3
9012	3
9013	14
9014	2
9015	13
9016	1
9017	32
9018	15
9019	17
9020	5
9021	2
9022	1
9023	9
9024	18
9025	3
9026	6
9027	25
9028	9
9029	6
9030	86
9031	6
9032	7
9033	27
9034	7
9035	14
9036	56
9037	14
9038	18
9039	3
9040	3
9041	6
9042	11
9043	3
9044	3
9045	3
9046	5
9047	3
9048	1
9049	22
9050	26
9051	49
9052	2
9053	5
9054	13
9055	3
9056	14
9057	23
9058	39
9059	1
9060	22
9061	3
9062	2
9063	18
9064	49
9065	15
9066	26
9067	6
9068	22
9069	7
9070	5
9071	24
9072	6
9073	7
9074	7
9075	1
9076	1
9077	27
9078	13
9079	13
9080	9
9081	28
9082	35
9083	3
9084	4
9085	34
9086	18
9087	11
9088	112
9089	5
9090	19
9091	10
9092	12
9093	16
9094	10
9095	3
9096	18
9097	12
9098	1
9099	3
9100	8
9101	6
9102	16
9103	6
9104	3
9105	27
9106	15
9107	20
9108	38
9109	6
9110	2
9111	10
9112	16
9113	28
9114	11
9115	2
9116	30
9117	3
9118	29
9119	3
9120	24
9121	8
9122	21
9123	15
9124	25
9125	11
9126	5
9127	13
9128	8
9129	24
9130	11
9131	6
9132	3
9133	3
9134	15
9135	15
9136	13
9137	20
9138	3
9139	3
9140	8
9141	27
9142	27
9143	2
9144	43
9145	6
9146	7
9147	7
9148	73
9149	5
9150	10
9151	15
9152	2
9153	3
9154	3
9155	2
9156	2
9157	9
9158	18
9159	22
9160	11
9161	12
9162	4
9163	5
9164	18
9165	4
9166	8
9167	2
9168	39
9169	20
9170	25
9171	87
9172	17
9173	35
9174	26
9175	24
9176	17
9177	19
9178	23
9179	21
9180	22
9181	44
9182	31
9183	5
9184	26
9185	1
9186	45
9187	12
9188	1
9189	32
9190	2
9191	5
9192	30
9193	7
9194	53
9195	4
9196	3
9197	15
9198	38
9199	1
9200	4
9201	4
9202	8
9203	29
9204	1
9205	16
9206	8
9207	5
9208	3
9209	1
9210	34
9211	21
9212	24
9213	21
9214	44
9215	5
9216	9
9217	7
9218	2
9219	12
9220	65
9221	5
9222	3
9223	10
9224	10
9225	2
9226	6
9227	15
9228	8
9229	14
9230	21
9231	2
9232	8
9233	8
9234	25
9235	52
9236	27
9237	27
9238	6
9239	51
9240	35
9241	4
9242	11
9243	66
9244	34
9245	26
9246	26
9247	23
9248	1
9249	62
9250	32
9251	19
9252	13
9253	2
9254	1
9255	37
9256	20
9257	14
9258	12
9259	4
9260	13
9261	30
9262	8
9263	3
9264	7
9265	7
9266	7
9267	14
9268	12
9269	10
9270	33
9271	52
9272	8
9273	22
9274	13
9275	6
9276	42
9277	17
9278	14
9279	4
9280	50
9281	9
9282	21
9283	50
9284	13
9285	6
9286	13
9287	21
9288	7
9289	9
9290	30
9291	22
9292	16
9293	23
9294	6
9295	9
9296	13
9297	21
9298	22
9299	7
9300	16
9301	2
9302	2
9303	33
9304	3
9305	2
9306	4
9307	9
9308	2
9309	1
9310	2
9311	6
9312	26
9313	8
9314	23
9315	21
9316	9
9317	2
9318	15
9319	33
9320	14
9321	19
9322	57
9323	6
9324	12
9325	75
9326	19
9327	2
9328	50
9329	12
9330	53
9331	28
9332	8
9333	1
9334	12
9335	32
9336	13
9337	21
9338	18
9339	15
9340	8
9341	6
9342	20
9343	2
9344	4
9345	8
9346	58
9347	4
9348	17
9349	7
9350	11
9351	15
9352	12
9353	3
9354	11
9355	21
9356	16
9357	16
9358	6
9359	10
9360	9
9361	3
9362	8
9363	1
9364	2
9365	53
9366	10
9367	20
9368	30
9369	12
9370	5
9371	5
9372	6
9373	5
9374	3
9375	14
9376	26
9377	1
9378	7
9379	11
9380	13
9381	1
9382	9
9383	11
9384	27
9385	9
9386	3
9387	15
9388	1
9389	26
9390	7
9391	3
9392	25
9393	31
9394	43
9395	2
9396	4
9397	36
9398	31
9399	2
9400	3
9401	4
9402	1
9403	4
9404	7
9405	3
9406	21
9407	15
9408	4
9409	32
9410	10
9411	9
9412	3
9413	2
9414	9
9415	7
9416	8
9417	23
9418	43
9419	19
9420	42
9421	6
9422	26
9423	23
9424	9
9425	15
9426	19
9427	4
9428	3
9429	35
9430	14
9431	40
9432	3
9433	2
9434	2
9435	11
9436	25
9437	19
9438	21
9439	15
9440	62
9441	9
9442	11
9443	9
9444	1
9445	3
9446	24
9447	38
9448	14
9449	14
9450	14
9451	2
9452	16
9453	25
9454	8
9455	14
9456	17
9457	4
9458	19
9459	1
9460	49
9461	6
9462	8
9463	2
9464	58
9465	9
9466	6
9467	9
9468	2
9469	13
9470	1
9471	25
9472	42
9473	6
9474	13
9475	19
9476	14
9477	4
9478	17
9479	14
9480	6
9481	2
9482	12
9483	5
9484	10
9485	18
9486	22
9487	8
9488	8
9489	137
9490	12
9491	3
9492	23
9493	26
9494	1
9495	10
9496	20
9497	4
9498	8
9499	34
9500	47
9501	4
9502	31
9503	23
9504	101
9505	42
9506	28
9507	2
9508	20
9509	14
9510	25
9511	40
9512	3
9513	38
9514	14
9515	12
9516	8
9517	4
9518	6
9519	11
9520	2
9521	16
9522	49
9523	7
9524	2
9525	8
9526	19
9527	32
9528	25
9529	24
9530	11
9531	10
9532	21
9533	9
9534	15
9535	1
9536	31
9537	12
9538	18
9539	25
9540	16
9541	12
9542	12
9543	4
9544	12
9545	34
9546	17
9547	17
9548	28
9549	5
9550	18
9551	37
9552	37
9553	10
9554	7
9555	16
9556	19
9557	4
9558	13
9559	5
9560	5
9561	3
9562	40
9563	8
9564	52
9565	28
9566	16
9567	8
9568	55
9569	20
9570	12
9571	23
9572	53
9573	2
9574	32
9575	9
9576	34
9577	8
9578	8
9579	9
9580	4
9581	2
9582	25
9583	1
9584	6
9585	2
9586	16
9587	53
9588	37
9589	4
9590	15
9591	21
9592	5
9593	4
9594	41
9595	1
9596	18
9597	23
9598	21
9599	17
9600	16
9601	35
9602	14
9603	2
9604	9
9605	57
9606	4
9607	11
9608	3
9609	2
9610	16
9611	13
9612	1
9613	14
9614	43
9615	17
9616	21
9617	3
9618	19
9619	5
9620	15
9621	20
9622	13
9623	2
9624	4
9625	6
9626	10
9627	9
9628	2
9629	23
9630	2
9631	25
9632	18
9633	40
9634	19
9635	8
9636	30
9637	4
9638	33
9639	15
9640	7
9641	9
9642	20
9643	3
9644	17
9645	1
9646	10
9647	25
9648	5
9649	14
9650	17
9651	9
9652	22
9653	7
9654	12
9655	25
9656	78
9657	9
9658	13
9659	1
9660	1
9661	19
9662	15
9663	6
9664	2
9665	1
9666	2
9667	6
9668	14
9669	7
9670	53
9671	34
9672	24
9673	8
9674	18
9675	1
9676	23
9677	7
9678	17
9679	19
9680	39
9681	22
9682	26
9683	3
9684	17
9685	24
9686	7
9687	7
9688	6
9689	9
9690	3
9691	10
9692	4
9693	8
9694	11
9695	24
9696	15
9697	5
9698	27
9699	5
9700	41
9701	24
9702	12
9703	13
9704	5
9705	41
9706	10
9707	13
9708	15
9709	7
9710	12
9711	12
9712	14
9713	16
9714	17
9715	58
9716	1
9717	91
9718	8
9719	5
9720	10
9721	3
9722	11
9723	6
9724	2
9725	1
9726	19
9727	20
9728	13
9729	14
9730	1
9731	10
9732	28
9733	5
9734	4
9735	14
9736	29
9737	21
9738	3
9739	8
9740	22
9741	13
9742	5
9743	17
9744	19
9745	38
9746	8
9747	23
9748	20
9749	23
9750	29
9751	10
9752	30
9753	6
9754	2
9755	22
9756	1
9757	4
9758	15
9759	1
9760	3
9761	7
9762	43
9763	2
9764	3
9765	41
9766	15
9767	3
9768	11
9769	1
9770	3
9771	25
9772	15
9773	17
9774	1
9775	11
9776	1
9777	9
9778	44
9779	5
9780	15
9781	29
9782	13
9783	12
9784	44
9785	18
9786	27
9787	2
9788	1
9789	27
9790	15
9791	20
9792	15
9793	37
9794	2
9795	2
9796	3
9797	21
9798	35
9799	7
9800	7
9801	3
9802	37
9803	3
9804	14
9805	22
9806	40
9807	11
9808	49
9809	4
9810	7
9811	12
9812	11
9813	11
9814	21
9815	1
9816	25
9817	35
9818	15
9819	45
9820	20
9821	14
9822	7
9823	8
9824	25
9825	8
9826	30
9827	35
9828	31
9829	9
9830	13
9831	7
9832	14
9833	3
9834	3
9835	11
9836	24
9837	2
9838	9
9839	19
9840	28
9841	8
9842	32
9843	49
9844	3
9845	11
9846	6
9847	27
9848	19
9849	7
9850	2
9851	49
9852	14
9853	6
9854	9
9855	8
9856	26
9857	2
9858	14
9859	13
9860	15
9861	25
9862	1
9863	16
9864	8
9865	5
9866	16
9867	5
9868	1
9869	28
9870	28
9871	2
9872	28
9873	15
9874	7
9875	16
9876	52
9877	5
9878	5
9879	30
9880	6
9881	1
9882	23
9883	12
9884	5
9885	16
9886	37
9887	1
9888	1
9889	3
9890	48
9891	3
9892	2
9893	21
9894	5
9895	16
9896	11
9897	58
9898	15
9899	18
9900	29
9901	31
9902	24
9903	14
9904	4
9905	20
9906	3
9907	4
9908	4
9909	36
9910	3
9911	14
9912	14
9913	12
9914	24
9915	9
9916	10
9917	18
9918	3
9919	19
9920	1
9921	2
9922	8
9923	24
9924	16
9925	7
9926	8
9927	5
9928	2
9929	32
9930	5
9931	19
9932	25
9933	17
9934	31
9935	9
9936	13
9937	19
9938	36
9939	26
9940	3
9941	1
9942	3
9943	7
9944	20
9945	10
9946	13
9947	4
9948	11
9949	10
9950	10
9951	10
9952	10
9953	22
9954	8
9955	1
9956	8
9957	23
9958	24
9959	13
9960	38
9961	30
9962	10
9963	1
9964	13
9965	8
9966	10
9967	18
9968	5
9969	15
9970	24
9971	26
9972	10
9973	29
9974	39
9975	14
9976	20
9977	37
9978	12
9979	58
9980	9
9981	5
9982	5
9983	10
9984	4
9985	15
9986	13
9987	16
9988	11
9989	16
9990	1
9991	20
9992	4
9993	73
9994	11
9995	38
9996	31
9997	9
9998	26
9999	1
